1790792191026 0.05003 0
1790792288922 0.06293 1
1790792385795 0.06194 2
1790792481107 0.07138 3
1790792578542 0.08389 4
1790792676398 0.08553 5
1790792774770 0.08934 6
1790792877131 0.08253 7
1790792980290 0.09051 8
1790793083208 0.09478 9
1790793183154 0.09807 10
1790793285536 0.10028 11
1790793388258 0.10679 12
1790793487388 0.1167 13
1790793587137 0.11991 14
1790793690438 0.11773 15
1790793789673 0.11341 16
1790793888269 0.11697 17
1790793991562 0.11435 18
1790794095586 0.12347 19
1790794195789 0.1159 20
1790794294276 0.12248 21
1790794391357 0.12176 22
1790794631037 0.1241 23
1790794973118 0.13044 24
1790795071624 0.12443 25
1790795169989 0.1355 26
1790795269104 0.13184 27
1790795367490 0.11779 28
1790795466390 0.12572 29
1790795563555 0.13178 30
1790795659964 0.12699 31
1790795756694 0.12488 32
1790795853674 0.1255 33
1790795949925 0.12619 34
1790796048004 0.12481 35
1790796148021 0.12747 36
1790796247804 0.12596 37
1790796349432 0.1259 38
1790796446237 0.12854 39
1790796546699 0.12014 40
1790796643321 0.13092 41
1790796649624 0.13606252886665027 42
