1790792191026 0.15511 0
1790792288922 0.17923 1
1790792385795 0.1767 2
1790792481107 0.19884 3
1790792578542 0.22523 4
1790792676398 0.23862 5
1790792774770 0.24804 6
1790792877131 0.22355 7
1790792980290 0.25582 8
1790793083208 0.25798 9
1790793183154 0.27465 10
1790793285536 0.27823 11
1790793388258 0.28941 12
1790793487388 0.31448 13
1790793587137 0.32791 14
1790793690438 0.31635 15
1790793789673 0.30877 16
1790793888269 0.3142 17
1790793991562 0.31596 18
1790794095586 0.33356 19
1790794195789 0.3154 20
1790794294276 0.32935 21
1790794391357 0.33416 22
1790794631037 0.34066 23
1790794973118 0.35165 24
1790795071624 0.33434 25
1790795169989 0.36456 26
1790795269104 0.3528 27
1790795367490 0.32548 28
1790795466390 0.33972 29
1790795563555 0.35746 30
1790795659964 0.34581 31
1790795756694 0.34319 32
1790795853674 0.34495 33
1790795949925 0.34305 34
1790796048004 0.34261 35
1790796148021 0.34882 36
1790796247804 0.34789 37
1790796349432 0.34409 38
1790796446237 0.35294 39
1790796546699 0.33316 40
1790796643321 0.34518 41
1790796649624 0.36416801317300557 42
