1790792191026 0.25183 0
1790792288922 0.24017 1
1790792385795 0.24829 2
1790792481107 0.24923 3
1790792578542 0.29994 4
1790792676398 0.30122 5
1790792774770 0.29687 6
1790792877131 0.28546 7
1790792980290 0.34878 8
1790793083208 0.34684 9
1790793183154 0.34472 10
1790793285536 0.3439 11
1790793388258 0.36295 12
1790793487388 0.39774 13
1790793587137 0.37895 14
1790793690438 0.37895 15
1790793789673 0.37466 16
1790793888269 0.38332 17
1790793991562 0.3769 18
1790794095586 0.39471 19
1790794195789 0.3652 20
1790794294276 0.38082 21
1790794391357 0.40282 22
1790794631037 0.42187 23
1790794973118 0.42753 24
1790795071624 0.40369 25
1790795169989 0.42902 26
1790795269104 0.43721 27
1790795367490 0.40828 28
1790795466390 0.42373 29
1790795563555 0.44142 30
1790795659964 0.39974 31
1790795756694 0.42009 32
1790795853674 0.40617 33
1790795949925 0.39034 34
1790796048004 0.40236 35
1790796148021 0.41676 36
1790796247804 0.41473 37
1790796349432 0.43163 38
1790796446237 0.44213 39
1790796546699 0.40502 40
1790796643321 0.42939 41
1790796649624 0.4300826221879347 42
