1790792191026 0.24365 0
1790792288922 0.25539 1
1790792385795 0.2537 2
1790792481107 0.27519 3
1790792578542 0.30466 4
1790792676398 0.30616 5
1790792774770 0.29882 6
1790792877131 0.29764 7
1790792980290 0.30547 8
1790793083208 0.32508 9
1790793183154 0.32337 10
1790793285536 0.33739 11
1790793388258 0.33435 12
1790793487388 0.35288 13
1790793587137 0.36712 14
1790793690438 0.36414 15
1790793789673 0.35645 16
1790793888269 0.36423 17
1790793991562 0.36645 18
1790794095586 0.37007 19
1790794195789 0.36959 20
1790794294276 0.37497 21
1790794391357 0.38141 22
1790794631037 0.37525 23
1790794973118 0.37835 24
1790795071624 0.38304 25
1790795169989 0.40018 26
1790795269104 0.38684 27
1790795367490 0.36722 28
1790795466390 0.36693 29
1790795563555 0.38827 30
1790795659964 0.39628 31
1790795756694 0.39051 32
1790795853674 0.38977 33
1790795949925 0.41148 34
1790796048004 0.38795 35
1790796148021 0.3858 36
1790796247804 0.38957 37
1790796349432 0.38586 38
1790796446237 0.38621 39
1790796546699 0.41216 40
1790796643321 0.39284 41
1790796649624 0.3974048606390202 42
