1790792154561 2.3189 0
1790792283888 2.19946 1
1790792380777 2.19264 2
1790792476087 2.18296 3
1790792573645 2.15947 4
1790792671346 2.11661 5
1790792769696 2.11811 6
1790792871579 2.10334 7
1790792974391 2.08879 8
1790793077964 2.08346 9
1790793177734 2.06611 10
1790793280070 2.05954 11
1790793383144 2.06383 12
1790793482275 2.06521 13
1790793581907 2.03761 14
1790793685181 2.04583 15
1790793784663 2.03463 16
1790793883342 2.03251 17
1790793985503 2.01683 18
1790794089568 2.01532 19
1790794190377 2.00249 20
1790794289151 1.9994 21
1790794386404 1.99736 22
1790794606511 1.99571 23
1790794968291 1.98771 24
1790795066523 1.9901 25
1790795164814 1.97636 26
1790795263876 1.97079 27
1790795362555 1.96528 28
1790795461287 1.95595 29
1790795558757 1.9558 30
1790795655211 1.93884 31
1790795751876 1.93541 32
1790795848828 1.93739 33
1790795945096 1.93054 34
1790796042915 1.92235 35
1790796143178 1.9157 36
1790796242630 1.90559 37
1790796344384 1.88923 38
1790796441369 1.89229 39
1790796541987 1.89038 40
1790796638700 1.88128 41
