1790792154561 5.39327 0
1790792283888 3.09856 1
1790792380777 2.95227 2
1790792476087 2.87454 3
1790792573645 2.79353 4
1790792671346 2.73136 5
1790792769696 2.65718 6
1790792871579 2.62824 7
1790792974391 2.57881 8
1790793077964 2.5345 9
1790793177734 2.49892 10
1790793280070 2.45519 11
1790793383144 2.42381 12
1790793482275 2.39459 13
1790793581907 2.36817 14
1790793685181 2.33788 15
1790793784663 2.32556 16
1790793883342 2.27612 17
1790793985503 2.23302 18
1790794089568 2.21754 19
1790794190377 2.17976 20
1790794289151 2.15599 21
1790794386404 2.11469 22
1790794606511 2.1058 23
1790794968291 2.07919 24
1790795066523 2.05198 25
1790795164814 2.0192 26
1790795263876 1.99507 27
1790795362555 1.97299 28
1790795461287 1.93779 29
1790795558757 1.912 30
1790795655211 1.88402 31
1790795751876 1.85412 32
1790795848828 1.83588 33
1790795945096 1.81135 34
1790796042915 1.77357 35
1790796143178 1.77807 36
1790796242630 1.74968 37
1790796344384 1.72164 38
1790796441369 1.68442 39
1790796541987 1.66761 40
1790796638700 1.67015 41
