1790792154561 0.01181 0
1790792283888 0.01096 1
1790792380777 0.0109 2
1790792476087 0.01095 3
1790792573645 0.01063 4
1790792671346 0.01052 5
1790792769696 0.01032 6
1790792871579 0.01038 7
1790792974391 0.01027 8
1790793077964 0.01022 9
1790793177734 0.01008 10
1790793280070 0.01011 11
1790793383144 0.01009 12
1790793482275 0.01015 13
1790793581907 0.01007 14
1790793685181 0.0099 15
1790793784663 0.00996 16
1790793883342 0.00985 17
1790793985503 0.00981 18
1790794089568 0.00982 19
1790794190377 0.00974 20
1790794289151 0.00968 21
1790794386404 0.0097 22
1790794606511 0.00968 23
1790794968291 0.0096 24
1790795066523 0.00959 25
1790795164814 0.00957 26
1790795263876 0.00953 27
1790795362555 0.00952 28
1790795461287 0.00946 29
1790795558757 0.00942 30
1790795655211 0.00943 31
1790795751876 0.00937 32
1790795848828 0.00933 33
1790795945096 0.00926 34
1790796042915 0.0092 35
1790796143178 0.00915 36
1790796242630 0.0092 37
1790796344384 0.00902 38
1790796441369 0.00896 39
1790796541987 0.009 40
1790796638700 0.00886 41
