1790724403012 0.15511 0
1790724498233 0.17923 1
1790724593857 0.1767 2
1790724690692 0.19884 3
1790724788373 0.22523 4
1790724885485 0.23862 5
1790724983576 0.24804 6
1790725080323 0.22355 7
1790725178080 0.25582 8
1790725276103 0.25798 9
1790725374675 0.27465 10
1790725472535 0.27823 11
1790725570037 0.28941 12
1790725669710 0.31448 13
1790725791187 0.32791 14
1790726027946 0.31635 15
1790726125631 0.30877 16
1790726224422 0.3142 17
1790726324558 0.31596 18
1790726424617 0.33356 19
1790726524976 0.3154 20
1790726626937 0.32935 21
1790726726804 0.33416 22
1790726826045 0.34066 23
1790726925656 0.35165 24
1790727026216 0.33434 25
1790727128399 0.36456 26
1790727228638 0.3528 27
1790727328775 0.32548 28
1790727431421 0.33972 29
1790727529901 0.35746 30
1790727631781 0.34581 31
1790727732848 0.34319 32
1790727835508 0.34495 33
1790727937672 0.34305 34
1790728036724 0.34261 35
1790728134317 0.34882 36
1790728233002 0.34789 37
1790728332797 0.34409 38
1790728431950 0.35294 39
1790728530573 0.33316 40
1790728630026 0.34518 41
1790728636728 0.36416801317300557 42
