1790724403012 0.05003 0
1790724498233 0.06293 1
1790724593857 0.06194 2
1790724690692 0.07138 3
1790724788373 0.08389 4
1790724885485 0.08553 5
1790724983576 0.08934 6
1790725080323 0.08253 7
1790725178080 0.09051 8
1790725276103 0.09478 9
1790725374675 0.09807 10
1790725472535 0.10028 11
1790725570037 0.10679 12
1790725669710 0.1167 13
1790725791187 0.11991 14
1790726027946 0.11773 15
1790726125631 0.11341 16
1790726224422 0.11697 17
1790726324558 0.11435 18
1790726424617 0.12347 19
1790726524976 0.1159 20
1790726626937 0.12248 21
1790726726804 0.12176 22
1790726826045 0.1241 23
1790726925656 0.13044 24
1790727026216 0.12443 25
1790727128399 0.1355 26
1790727228638 0.13184 27
1790727328775 0.11779 28
1790727431421 0.12572 29
1790727529901 0.13178 30
1790727631781 0.12699 31
1790727732848 0.12488 32
1790727835508 0.1255 33
1790727937672 0.12619 34
1790728036724 0.12481 35
1790728134317 0.12747 36
1790728233002 0.12596 37
1790728332797 0.1259 38
1790728431950 0.12854 39
1790728530573 0.12014 40
1790728630026 0.13092 41
1790728636728 0.13606252886665027 42
