1790724403012 0.25183 0
1790724498233 0.24017 1
1790724593857 0.24829 2
1790724690692 0.24923 3
1790724788373 0.29994 4
1790724885485 0.30122 5
1790724983576 0.29687 6
1790725080323 0.28546 7
1790725178080 0.34878 8
1790725276103 0.34684 9
1790725374675 0.34472 10
1790725472535 0.3439 11
1790725570037 0.36295 12
1790725669710 0.39774 13
1790725791187 0.37895 14
1790726027946 0.37895 15
1790726125631 0.37466 16
1790726224422 0.38332 17
1790726324558 0.3769 18
1790726424617 0.39471 19
1790726524976 0.3652 20
1790726626937 0.38082 21
1790726726804 0.40282 22
1790726826045 0.42187 23
1790726925656 0.42753 24
1790727026216 0.40369 25
1790727128399 0.42902 26
1790727228638 0.43721 27
1790727328775 0.40828 28
1790727431421 0.42373 29
1790727529901 0.44142 30
1790727631781 0.39974 31
1790727732848 0.42009 32
1790727835508 0.40617 33
1790727937672 0.39034 34
1790728036724 0.40236 35
1790728134317 0.41676 36
1790728233002 0.41473 37
1790728332797 0.43163 38
1790728431950 0.44213 39
1790728530573 0.40502 40
1790728630026 0.42939 41
1790728636728 0.4300826221879347 42
