1790724403012 0.24365 0
1790724498233 0.25539 1
1790724593857 0.2537 2
1790724690692 0.27519 3
1790724788373 0.30466 4
1790724885485 0.30616 5
1790724983576 0.29882 6
1790725080323 0.29764 7
1790725178080 0.30547 8
1790725276103 0.32508 9
1790725374675 0.32337 10
1790725472535 0.33739 11
1790725570037 0.33435 12
1790725669710 0.35288 13
1790725791187 0.36712 14
1790726027946 0.36414 15
1790726125631 0.35645 16
1790726224422 0.36423 17
1790726324558 0.36645 18
1790726424617 0.37007 19
1790726524976 0.36959 20
1790726626937 0.37497 21
1790726726804 0.38141 22
1790726826045 0.37525 23
1790726925656 0.37835 24
1790727026216 0.38304 25
1790727128399 0.40018 26
1790727228638 0.38684 27
1790727328775 0.36722 28
1790727431421 0.36693 29
1790727529901 0.38827 30
1790727631781 0.39628 31
1790727732848 0.39051 32
1790727835508 0.38977 33
1790727937672 0.41148 34
1790728036724 0.38795 35
1790728134317 0.3858 36
1790728233002 0.38957 37
1790728332797 0.38586 38
1790728431950 0.38621 39
1790728530573 0.41216 40
1790728630026 0.39284 41
1790728636728 0.3974048606390202 42
