1790724370677 2.3189 0
1790724493302 2.19946 1
1790724589027 2.19264 2
1790724685596 2.18296 3
1790724783543 2.15947 4
1790724880693 2.11661 5
1790724978379 2.11811 6
1790725075530 2.10334 7
1790725172963 2.08879 8
1790725271122 2.08346 9
1790725369692 2.06611 10
1790725467707 2.05954 11
1790725565069 2.06383 12
1790725664522 2.06521 13
1790725784589 2.03761 14
1790726023261 2.04583 15
1790726120763 2.03463 16
1790726219550 2.03251 17
1790726319543 2.01683 18
1790726419627 2.01532 19
1790726519943 2.00249 20
1790726621883 1.9994 21
1790726721720 1.99736 22
1790726821170 1.99571 23
1790726920778 1.98771 24
1790727021145 1.9901 25
1790727123493 1.97636 26
1790727223721 1.97079 27
1790727323701 1.96528 28
1790727426424 1.95595 29
1790727524957 1.9558 30
1790727626573 1.93884 31
1790727727930 1.93541 32
1790727830269 1.93739 33
1790727932867 1.93054 34
1790728031877 1.92235 35
1790728129547 1.9157 36
1790728228306 1.90559 37
1790728327752 1.88923 38
1790728426880 1.89229 39
1790728525630 1.89038 40
1790728625206 1.88128 41
