1790724370677 5.39327 0
1790724493302 3.09856 1
1790724589027 2.95227 2
1790724685596 2.87454 3
1790724783543 2.79353 4
1790724880693 2.73136 5
1790724978379 2.65718 6
1790725075530 2.62824 7
1790725172963 2.57881 8
1790725271122 2.5345 9
1790725369692 2.49892 10
1790725467707 2.45519 11
1790725565069 2.42381 12
1790725664522 2.39459 13
1790725784589 2.36817 14
1790726023261 2.33788 15
1790726120763 2.32556 16
1790726219550 2.27612 17
1790726319543 2.23302 18
1790726419627 2.21754 19
1790726519943 2.17976 20
1790726621883 2.15599 21
1790726721720 2.11469 22
1790726821170 2.1058 23
1790726920778 2.07919 24
1790727021145 2.05198 25
1790727123493 2.0192 26
1790727223721 1.99507 27
1790727323701 1.97299 28
1790727426424 1.93779 29
1790727524957 1.912 30
1790727626573 1.88402 31
1790727727930 1.85412 32
1790727830269 1.83588 33
1790727932867 1.81135 34
1790728031877 1.77357 35
1790728129547 1.77807 36
1790728228306 1.74968 37
1790728327752 1.72164 38
1790728426880 1.68442 39
1790728525630 1.66761 40
1790728625206 1.67015 41
