1790724370677 0.01181 0
1790724493302 0.01096 1
1790724589027 0.0109 2
1790724685596 0.01095 3
1790724783543 0.01063 4
1790724880693 0.01052 5
1790724978379 0.01032 6
1790725075530 0.01038 7
1790725172963 0.01027 8
1790725271122 0.01022 9
1790725369692 0.01008 10
1790725467707 0.01011 11
1790725565069 0.01009 12
1790725664522 0.01015 13
1790725784589 0.01007 14
1790726023261 0.0099 15
1790726120763 0.00996 16
1790726219550 0.00985 17
1790726319543 0.00981 18
1790726419627 0.00982 19
1790726519943 0.00974 20
1790726621883 0.00968 21
1790726721720 0.0097 22
1790726821170 0.00968 23
1790726920778 0.0096 24
1790727021145 0.00959 25
1790727123493 0.00957 26
1790727223721 0.00953 27
1790727323701 0.00952 28
1790727426424 0.00946 29
1790727524957 0.00942 30
1790727626573 0.00943 31
1790727727930 0.00937 32
1790727830269 0.00933 33
1790727932867 0.00926 34
1790728031877 0.0092 35
1790728129547 0.00915 36
1790728228306 0.0092 37
1790728327752 0.00902 38
1790728426880 0.00896 39
1790728525630 0.009 40
1790728625206 0.00886 41
