2 0.5212350353034826 0.7508730189947342 0.07948867694751698 0.08221935775648763
2 0.4711866221556833 0.5218948479184066 0.03360343262955982 0.0470321302577247
2 0.5718275503210164 0.5638543758467106 0.05100912094116268 0.0604328889641522
2 0.6032336887153444 0.35085308683713007 0.07940685633066594 0.07753185775648763
2 0.6451836351446221 0.25002092718076313 0.06846935633066593 0.07695864767057933
0 0.2761249070554241 0.921193326548823 0.09823076866768635 0.15761334690235387
0 0.31831458684561015 0.7519464388278665 0.09208986282348768 0.17810506784239594
0 0.37487072970416524 0.5488490943003619 0.08611259821299119 0.1934025192218769
0 0.4108513198027769 0.3743337731786057 0.08729326866768634 0.17160940637700667
0 0.4577557731319132 0.19961041214275782 0.09486030681713338 0.15795634215265536
0 0.487755144480113 0.08488284882291772 0.09269778896022593 0.12349945499752561
5 0.551667640015886 0.07964647218323753 0.06482615909060954 0.047107373360319824
