5 0.4052876344914198 0.475 0.08617560217691818 0.0515625
2 0.46722218321762626 0.28984375 0.12761905771188112 0.075
2 0.463511851459128 0.39609375 0.08735615626060209 0.040625
2 0.41521321679807227 0.57109375 0.08058036660488846 0.0703125
2 0.37465267106709066 0.79296875 0.08446925843752054 0.0921875
2 0.2721749678943805 0.97578125 0.045223219962933034 0.0421875
3 0.22365817777533065 0.41875 0.036810519237293705 0.025
6 0.3535937367531561 0.0984375 0.11156252649368784 0.196875
6 0.30297614474303886 0.33984375 0.13076888347992952 0.2546875
6 0.22128960200728223 0.5984375 0.10220737386128267 0.2421875
6 0.15929800037851813 0.85234375 0.11287205534962838 0.234375
1 0.14094730446220216 0.86328125 0.06611607332097771 0.0140625
1 0.16298105028585091 0.746875 0.055069445916316 0.0109375
1 0.1962871128070554 0.665625 0.05188988221398514 0.009375
1 0.1848386921184829 0.725 0.06795139183263199 0.021875
1 0.2772668166127377 0.36015625 0.07398313702330857 0.015625
1 0.28130204138499426 0.31171875 0.06778770072563942 0.0171875
