2 0.33813908338636117 0.373142092379798 0.050890885343726745 0.07918288896415211
2 0.33749474073040614 0.45213022953492776 0.047547709341181486 0.06026911465389269
2 0.3235691480744511 0.5318144075086604 0.04760225334181776 0.0649566146538925
2 0.32978333274981436 0.5955903024657062 0.044513616008908664 0.06791784034363299
2 0.3251145614258139 0.6646269075086604 0.05708634134309047 0.07482293758467104
2 0.3119702187698589 0.7442701419048282 0.05090906667727228 0.0807453889641522
2 0.3035770107813129 0.8291364648356065 0.057286336012090364 0.09201043758467123
2 0.2905781187937214 0.9212796992317743 0.05890338001272664 0.0967798247398008
6 0.5024326814528581 0.854674296134128 0.18090674403245294 0.24839763568479184
2 0.34992946403563474 0.2443210515611951 0.06562609468490824 0.13773237336031982
2 0.36764203333863615 0.029108227612334114 0.06491702267663584 0.05821645522466823
2 0.35168177335295364 0.1261885272509356 0.05268974267981754 0.09957727611928177
