2 0.65078125 0.09296875 0.0484375 0.05
4 0.65703125 0.05078125 0.034375 0.01484375
4 0.63125 0.2375 0.03828125 0.01875
6 0.55703125 0.7921875 0.2109375 0.4
4 0.59921875 0.55546875 0.02109375 0.0140625
2 0.534375 0.84140625 0.09140625 0.08125
4 0.54375 0.80625 0.0265625 0.015625
1 0.62890625 0.915625 0.021875 0.0984375
1 0.434375 0.98515625 0.0765625 0.0171875
4 0.571875 0.98984375 0.03046875 0.015625
2 0.50703125 0.73828125 0.08125 0.08046875
2 0.546875 0.665625 0.06171875 0.06171875
1 0.66875 0.678125 0.02109375 0.06796875
3 0.65625 0.8796875 0.02109375 0.103125
3 0.67109375 0.7265625 0.02421875 0.0421875
3 0.73828125 0.24375 0.01875 0.08046875
3 0.7265625 0.34765625 0.02578125 0.07265625
3 0.71640625 0.43359375 0.02109375 0.0734375
3 0.70625 0.51328125 0.01640625 0.0859375
3 0.696875 0.603125 0.02109375 0.06640625
1 0.678125 0.5765625 0.01875 0.078125
1 0.653125 0.4140625 0.02890625 0.04453125
1 0.640625 0.46484375 0.02421875 0.04296875
1 0.6671875 0.2921875 0.0171875 0.05625
4 0.67265625 0.17890625 0.04140625 0.01328125
4 0.6640625 0.146875 0.06171875 0.01953125
