2 0.5132124361079891 0.8186680286056726 0.09611732878371626 0.08920634215265544
2 0.4997577500045091 0.9680367672992833 0.10163958271265763 0.06392646540143332
2 0.48046840260954315 0.8827371726582074 0.05029540653397539 0.07589411465389269
2 0.525207437760619 0.47705706071784826 0.11228598428423435 0.06823210085908257
2 0.5387198201017732 0.5568640694242756 0.13906680810555194 0.07431168249628825
6 0.6171122239496614 0.9160515434185651 0.13024407981717373 0.16789691316286975
6 0.6521830066195378 0.5588946381711825 0.10186221463952716 0.14562011646291495
0 0.4204555477709788 0.9076431608995623 0.11014990363849116 0.18471367820087536
0 0.43125623056468987 0.49327852498762803 0.1053896290313853 0.18788950361804452
0 0.4291157260165758 0.7241976543408416 0.08965331306795062 0.1512150192218769
