6 0.5960299700456244 0.7021106951997078 0.2673265216411053 0.44623726095825483
5 0.5436384074300699 0.6206573339510028 0.06551735141192587 0.052983758891340216
2 0.38136676181149654 0.9009890351510759 0.08171666442319178 0.1270762303552928
2 0.412978126155546 0.8093666153825343 0.06936977711788864 0.07812930810555194
2 0.4765501958307296 0.6410019131490039 0.06762542069139794 0.0718065334984459
2 0.5179457371343833 0.5357536410230974 0.09262542069139812 0.07297092721213971
0 0.2889124888502429 0.8520913087247244 0.124461757059629 0.2554580955329392
0 0.37017817537675846 0.6133606025622527 0.11848454169936513 0.26454199710451576
0 0.4272562041439999 0.399319527293193 0.1117966210079672 0.19557367328319825
0 0.5193684624572701 0.16422324338046224 0.1268880750854599 0.28521837014004514
4 0.631533212523777 0.6380503492524838 0.07097774122451135 0.07976458271265763
6 0.4990938194124862 0.9269029100486319 0.22200669530200426 0.14619417990273612
1 0.5612922910409562 0.9942038800648426 0.06827863855894449 0.011592239870314814
3 0.6440151774883296 0.8005696199306481 0.08069973370266403 0.14575345574818713
3 0.7010477421489482 0.5880910446615886 0.08456887978345584 0.11784677956950454
3 0.6744277546853605 0.6963744255550006 0.06747230799670109 0.12017125889134021
5 0.569332392386375 0.49042617845048486 0.20433581050398358 0.10470042431665547
5 0.5967730822781029 0.4345957094677314 0.2590687746106063 0.10881003556536069
