1 0.5755610987825855 0.8242630998430298 0.030105670671545327 0.03749335594746519
1 0.5514305187380422 0.4972026328597166 0.015970445337363515 0.03050637155129756
1 0.6292577161043589 0.7362407994134885 0.022165901336727245 0.026146420171816585
1 0.5046207954328137 0.7068133282463037 0.030287484006999675 0.05311835594746519
1 0.5377140114178597 0.5948555608334493 0.030487478675999567 0.07030585594746519
2 0.651967415420087 0.6052840485089773 0.044404528007635946 0.058542840343632996
2 0.5980691614019513 0.474433518205824 0.08989884134309048 0.07654256784239592
4 0.5862685954009969 0.46801642186929715 0.05347044533736352 0.03247166327441153
2 0.6317618140515431 0.3468098072154046 0.0678965720082724 0.06445864767057934
2 0.579607873368862 0.23150238975712156 0.053888616008908666 0.06840916327441153
4 0.706771999403224 0.4781173609243063 0.04453179734245403 0.069480340343633
0 0.7185441987189521 0.34773382010570336 0.1182249306969986 0.2294971494796016
4 0.7076794240531339 0.35455703019161167 0.05719542934436319 0.08419793758467105
5 0.6757112613780889 0.2944760232942067 0.04892839600572696 0.04472600180902227
0 0.7116289380171811 0.10714693916858042 0.09035446936663476 0.21429387833716085
1 0.7145123214114963 0.5386863687262224 0.0317590773392725 0.04538774310259512
