6 0.4985693017883377 0.7751470926957259 0.2457041621427578 0.44970581460854825
3 0.6382337466090979 0.5304014980903595 0.06541471732199752 0.2053238466740904
3 0.6560165473773235 0.25075036075745033 0.047592052238563554 0.10361589600572696
1 0.5868737217330116 0.3320270854153144 0.03657266508343397 0.10192612667090888
4 0.5410654975136092 0.5050373240769964 0.04629514586155707 0.019277258672817866
4 0.5029679539814728 0.5905839254057694 0.024420145861557073 0.019022720003181705
4 0.5319937126879001 0.5737236894095874 0.04012703301668665 0.020767033338636054
4 0.5626362030769616 0.6155117474140417 0.0436548247398008 0.0582852146721816
5 0.4740661895092943 0.9742385733609078 0.24044793758467103 0.0515228532781844
5 0.5378841073062617 0.8044015247453601 0.1695223631835546 0.22527381468808977
4 0.555140206356322 0.743627656747269 0.08434842378986111 0.11965906667727211
4 0.5274921619196744 0.8535293680776327 0.09446705223856355 0.10416133601209054
1 0.5731753126424716 0.4889947007479053 0.03140048620519007 0.06282726400381797
1 0.5801523309598373 0.430446404081769 0.014547178878243727 0.03920795066836362
2 0.478063129241672 0.6481418867361332 0.07169793758467105 0.05704997867599957
