1 0.6535211197543258 0.23172757464537788 0.04943771034569906 0.03663101282028158
6 0.5423562992212124 0.21874807754086198 0.13666022868809904 0.192050566996892
1 0.5237944481384911 0.7874231488809802 0.02572742570596276 0.026164393713693813
0 0.6031613508832004 0.8605567419327201 0.1020746285298145 0.12958480024766886
0 0.6380806055020539 0.6663551317174725 0.09347251834239997 0.15571065260503386
2 0.5728276785424498 0.6492724855225793 0.030778638558944492 0.03888271753501123
0 0.6813495692129651 0.5177935072342011 0.09609741316955045 0.13866870181924557
4 0.6943413141984003 0.562089316787495 0.05007420783841639 0.05850601282028158
1 0.6652782883341528 0.4749146484666955 0.040426423198680436 0.0486943651776464
0 0.7103825366848001 0.3358007985905299 0.10113190564770314 0.2044392510334573
0 0.7445660054102763 0.14312530107172933 0.09967705423577744 0.1544392510334573
0 0.8067644770387463 0.08204655996306949 0.10727895407749273 0.09393839867609244
2 0.6138628893503671 0.3703148856464139 0.0719779515702104 0.11413958271265771
