4 0.5956241766129426 0.7559942882166111 0.05529655405833438 0.10755355042954129
1 0.6109855561996337 0.7115006597679085 0.023810204722264316 0.06529080732694634
4 0.6254202400410509 0.6419660877416413 0.06145565046753809 0.09225609905006031
3 0.6420173875817229 0.6756384028705036 0.04715680113146803 0.05089411465389251
1 0.6894448159621911 0.2360712918346557 0.026962475799503238 0.07014208163720577
3 0.7214715207826512 0.2369687285148156 0.04252384328594587 0.06002345318850333
4 0.6805152435570923 0.3121424689038772 0.05518746974937905 0.08880355042954129
3 0.714090812838933 0.31077804273916687 0.03788179508134384 0.06759029172311397
1 0.6569646349494442 0.4257169679993661 0.03779089149054791 0.05196529172311415
3 0.6998152102814093 0.40765636476543426 0.033257927594901204 0.07828213025772471
1 0.7015221142649889 0.1640701390756937 0.03784543364502539 0.06134029172311406
3 0.742760192622016 0.13733389868663215 0.03773634933607006 0.04259029172311406
3 0.7542198673882468 0.09341680235010527 0.029878397540671918 0.034368355947465276
1 0.5839832155459665 0.9029954409755732 0.023937469749379048 0.08716580732694652
3 0.600589453445718 0.9382302561044356 0.0314227168225127 0.03132524310259512
1 0.602764510921898 0.775112780414695 0.019140885440423538 0.06817014586155708
3 0.6308122428697213 0.7633054992070305 0.03310339149054773 0.051719630257724705
1 0.634744722185266 0.4995296042499847 0.02071247579950324 0.06981453301668665
3 0.6821646228491958 0.461402162481442 0.039298849336070064 0.042672178878243726
3 0.672385622751 0.5257136459730987 0.03928975897699054 0.041109678878243724
3 0.7321317648307228 0.1898856886007239 0.0298602168225127 0.03124335594746528
0 0.4195424238824681 0.5608854268420789 0.09006243949875792 0.17654256784239591
4 0.41709413475305246 0.5427938461093843 0.028270445745273775 0.02647396879233561
0 0.35058945344571807 0.9156736668924562 0.09168857201231528 0.1686526662150875
0 0.3831059958947834 0.7417326351189648 0.09003516842151918 0.17185506784239574
0 0.46747943325224206 0.34315237222866607 0.09815674063022613 0.2253895036180446
0 0.5037749606741926 0.1380864139517801 0.10589651775758924 0.21329893939369335
1 0.5680951160135047 0.9761308893028364 0.025445427594901204 0.04773822139432724
1 0.5898514204646226 0.8376979895960922 0.019113614363184796 0.06348264586155708
1 0.6339049057320955 0.623666467094855 0.02071247579950324 0.06981453301668665
1 0.6227810533709632 0.5910620070089466 0.02220225292686635 0.057396420171816585
1 0.523835535024199 0.7670712290806424 0.03184087334017498 0.10320024310259512
4 0.674628857920277 0.37431492028335817 0.04896474082661797 0.09316350180902226
