2 0.6692379976029041 0.8011682405509891 0.06498301285158128 0.06312004809323427
2 0.6820523795043958 0.6370065368301249 0.07531301779449713 0.0868849303072194
0 0.5052484348650536 0.89108261814491 0.09016337946721471 0.21783476371018012
0 0.5344253044092556 0.6708582032575281 0.10945720752810448 0.1972966406515056
0 0.5487584239534578 0.44823915879249093 0.07326503954332715 0.18979167549789597
0 0.5987478592012597 0.14339045688572521 0.056170381444381155 0.2297619110699257
1 0.8356323883644634 0.28974713483069187 0.034144189733607534 0.11041171034428628
1 0.8508395998097196 0.10772580851448929 0.03500635277546919 0.09327877404661714
1 0.8225288463868594 0.48510427484922525 0.034624350798302575 0.08390377404661713
1 0.8092860415576745 0.619605760421255 0.02926568874502422 0.1055605192372937
