0 0.17438822538838494 0.9406914094976464 0.13812504631872763 0.11638075081077873
0 0.2150046091772812 0.8054982033291365 0.11970468610347984 0.1566511948044244
0 0.24535342700274274 0.6345175016248531 0.12588191149637407 0.15519778896022593
0 0.27473905831043965 0.459644186690045 0.13965331306795062 0.1491932508107789
6 0.4785748035529287 0.7735315884770537 0.1610018899896401 0.4399546185055307
1 0.4566185285315381 0.9232548989476351 0.07991444003242129 0.14034435633066594
1 0.4942190742310931 0.7904599898570256 0.060470927212139716 0.09160684740221221
3 0.5073868542148825 0.720642367698047 0.06548375889134021 0.06515344155801354
1 0.5177913531814251 0.6250707690780187 0.06207196856846871 0.12598184740221222
6 0.5557664263835702 0.3828054026010831 0.13756008188408836 0.3724125624991762
1 0.5487758717926751 0.45095143060426024 0.03855738585581072 0.05687729139585791
3 0.5814192437947471 0.36281050243892726 0.052765435070022446 0.06024775324641087
3 0.6320377121583277 0.08983092411143849 0.06392125889134022 0.06512616801906326
1 0.5821576443328663 0.26115254505260105 0.04230312406898662 0.1037795649348082
