2 0.58125 0.9265625 0.03515625 0.0859375
6 0.6 0.2234375 0.0953125 0.196875
3 0.64765625 0.30390625 0.04140625 0.04609375
3 0.64765625 0.25078125 0.04140625 0.04453125
6 0.625 0.4453125 0.1046875 0.215625
3 0.65546875 0.39375 0.05078125 0.040625
6 0.66875 0.6859375 0.08828125 0.21640625
6 0.69375 0.90703125 0.07265625 0.17265625
1 0.69453125 0.959375 0.04453125 0.046875
1 0.69140625 0.8734375 0.04140625 0.02421875
1 0.67265625 0.684375 0.04140625 0.02109375
3 0.6671875 0.45703125 0.025 0.01953125
4 0.56640625 0.43125 0.04609375 0.02265625
