2 0.38041201557242016 0.9101075126114117 0.03839256175762475 0.08479317067154532
2 0.36286211738005736 0.7080364826145933 0.10227320533113407 0.07928860534690844
2 0.42205760946249865 0.7940370699395481 0.055063236209946353 0.12091248400699968
2 0.45667195335257704 0.6780484432686393 0.04441524122451135 0.07705339600572714
5 0.5331976302456741 0.19528993992682156 0.030460389812585476 0.02690794533736347
1 0.4468713368304494 0.12912968527213917 0.04822220282385174 0.1005272586728179
1 0.33676158478538537 0.42406147195259314 0.03288670783841656 0.05661362667090888
1 0.31408495124100594 0.5055478292886839 0.05084709765100213 0.08337612133990895
1 0.28851063822973994 0.5792580492918656 0.041199313011266 0.07389203333863606
5 0.5447214666139051 0.014987011298547053 0.06653428213245363 0.029974022597094106
5 0.6023999228029691 0.09842348325114014 0.04157974623907634 0.033285214672181554
0 0.6442093380840908 0.13776724657864042 0.1032854390337981 0.22143974267981753
0 0.5771114516367174 0.35019506858691274 0.11863765439406197 0.21224655601527206
