2 0.45078125 0.92265625 0.028125 0.08125
2 0.40625 0.7234375 0.09296875 0.06875
2 0.4765625 0.803125 0.03984375 0.11640625
2 0.49609375 0.68515625 0.03515625 0.07265625
5 0.5078125 0.19921875 0.028125 0.0234375
1 0.4125 0.14140625 0.03515625 0.09609375
1 0.3421875 0.44453125 0.0265625 0.053125
1 0.33046875 0.52734375 0.03984375 0.07890625
1 0.31484375 0.60234375 0.03125 0.0703125
5 0.49453125 0.01796875 0.06328125 0.025
5 0.5640625 0.096875 0.03828125 0.0296875
0 0.6109375 0.13203125 0.07421875 0.2140625
0 0.571875 0.3484375 0.09140625 0.203125
