6 0.40993625580598775 0.27733175152005585 0.09597304420664746 0.24112901878308027
3 0.4025663735152495 0.18495325053147266 0.03514788981258547 0.027963173916276583
6 0.36189487556031363 0.47669774015134936 0.05991587226160835 0.18191584486680376
1 0.33725022822588063 0.5147097347141418 0.024102741224511347 0.07745383794672148
1 0.3101230900626477 0.6283119782883512 0.022221992478152597 0.06645267095052709
3 0.28034231334047044 0.7043505548663662 0.04382420783841656 0.05796900889724856
3 0.24695080331134056 0.7903862139538952 0.05131845909205772 0.04734984387822063
3 0.22139217682659015 0.9578947075281047 0.02944345909205772 0.04645850593149916
1 0.3594852779093115 0.3938852401513493 0.030125420691397942 0.06989600593149907
2 0.5411384431904331 0.3614905287060931 0.09308006175762493 0.08806768577927473
1 0.28548210589776535 0.8005398053606578 0.03972774122451135 0.07809050790866542
