6 0.5890911909716958 0.8249747085538688 0.14367831888905727 0.26204369665368965
6 0.5770871364223822 0.6049022890862165 0.10407948770335977 0.16826452174882983
1 0.5837921752572102 0.39262512357289686 0.06273634933607006 0.04317167984777566
0 0.3805343232888615 0.6758183310638203 0.12276585518980258 0.15809102570316255
5 0.40660191959986947 0.6276500865010277 0.06757838544042354 0.06992518083635879
0 0.3683257356602564 0.490902161596168 0.1105476563212707 0.20601918973360736
5 0.38455926883774366 0.521258165056209 0.042360216822512696 0.03140650889724857
1 0.3872827303956991 0.9846336210642578 0.07057612041330899 0.030732757871484395
0 0.40220426932872294 0.846272752508639 0.11994083703942984 0.2095261917107738
6 0.35733473526747295 0.23101782562661283 0.1528442406302261 0.226488198630856
