4 0.5560353160333735 0.05029346955789552 0.05525406603337366 0.041552300324311564
3 0.711475247059324 0.36522081452447575 0.1254713907731743 0.10053756249917623
0 0.7089201351189649 0.39093388067709994 0.0642196302577247 0.033903441558013545
2 0.5470497354122206 0.6979809472367611 0.050314260515449405 0.06644320616851011
0 0.42537388850986685 0.9058250803560837 0.14749023292582972 0.18834983928783267
0 0.42998174411864787 0.7131092950460105 0.15168640999505117 0.18373189204448098
0 0.426030149252459 0.5483473656628616 0.12472111827193721 0.14579551542127547
6 0.4840706213241549 0.44945194399035027 0.1501925090451115 0.24458757142762994
0 0.4425548286965297 0.38706499228606694 0.1190376843053107 0.18628414772652374
6 0.4494821008590827 0.11712068506189657 0.1395139586155702 0.18976370373287824
