4 0.5796875 0.55078125 0.08515625 0.09453125
3 0.58125 0.853125 0.109375 0.1484375
4 0.5765625 0.86484375 0.05703125 0.0953125
3 0.6015625 0.95234375 0.03671875 0.0671875
4 0.59375 0.4796875 0.06015625 0.0984375
3 0.63671875 0.45 0.04765625 0.1140625
3 0.6546875 0.303125 0.05234375 0.11171875
3 0.66796875 0.05546875 0.05234375 0.06953125
3 0.66796875 0.146875 0.04921875 0.07734375
4 0.5828125 0.3734375 0.06015625 0.08125
0 0.2203125 0.85625 0.07421875 0.2765625
0 0.25546875 0.58515625 0.06953125 0.2546875
0 0.28671875 0.32109375 0.05859375 0.25546875
