3 0.508785546554282 0.8860848082520452 0.033003397540672094 0.03414950692008212
6 0.5568644982514842 0.8114867148681164 0.0921249092481368 0.261505185779275
3 0.5434065071302787 0.7081534678338658 0.03461134933607006 0.04202567391627667
6 0.6225905339630542 0.5229388680241461 0.09974651170746504 0.2290110207602467
5 0.6102587056060271 0.4945419539937014 0.058157933645025396 0.06173067885919252
1 0.730255126561629 0.015418799126241358 0.02214771077238851 0.030837598252482716
1 0.7127131025575238 0.0685922662372603 0.0363011143631848 0.06396434091247101
1 0.5781405763139237 0.6450340439175892 0.057985216822512696 0.03204317885919252
6 0.6690211481298471 0.3289050251345088 0.08533857806243947 0.16906301779449712
2 0.9457432502945876 0.15594905030619874 0.050345433645025396 0.061412343878220546
0 0.872899085290914 0.5939703151349465 0.05898515632127079 0.20391817885919253
0 0.9336512746914762 0.35483221927955955 0.060620379193907684 0.2164818458553869
