0 0.21401278222968356 0.8629153387085138 0.09724705534962838 0.23852315260503368
4 0.24345225636896792 0.9386259681541838 0.05256449400955025 0.07576628742738763
0 0.2489136050025071 0.6477826443328663 0.08532740870767297 0.20988873035529282
4 0.30298603530972645 0.5783092063673595 0.054126994009550164 0.07583906203449331
1 0.2612176867610053 0.5419329046719484 0.031160719962933126 0.043570217535011224
0 0.2785267270496912 0.4496191261359012 0.07475200725639412 0.17507708271265762
1 0.319503901914615 0.5086516778313122 0.03255952885594056 0.038955492142117264
1 0.2850867179791986 0.6651178475998539 0.04215278366526398 0.04564213978475227
1 0.26017101961581185 0.8408070523145836 0.04102679328391083 0.0580693651776464
1 0.3302182018219478 0.40351041356328865 0.0356299651536097 0.03753854135632899
2 0.31955103113337524 0.4624851532242064 0.04604167549789597 0.067662688998964
0 0.2967831976455965 0.28535757299274805 0.07894843393541642 0.16123290653397532
2 0.3531795305852211 0.261378571545006 0.037465283665263985 0.04542381596343468
1 0.29155749510585854 0.3453682737785363 0.03483135698624169 0.05934076674922295
4 0.33409965917100914 0.3371769381703945 0.045877984390903404 0.062975188998964
0 0.32425097713450923 0.12622016749223003 0.08311014427970269 0.19106595574818702
