5 0.307011414981847 0.38806065632908754 0.08704901384016442 0.06955482878371626
5 0.4311891308385464 0.938251093261137 0.07811968281352524 0.08005568114108108
1 0.5238634035759595 0.826326827959656 0.0480793557412186 0.10828768899896417
1 0.5132840478347408 0.9328679263880794 0.04686968281352506 0.07860018899896418
4 0.2871353833100044 0.9332639944184287 0.07913835475263546 0.10505568114108144
4 0.2985278225493202 0.8259052586864524 0.07582235376405233 0.10022263192686935
4 0.3075738531953986 0.6804472094722407 0.046296679847775656 0.06453768899896399
4 0.30172310121823226 0.6900769205971111 0.05573534684397004 0.06653683664159918
4 0.2940260063514285 0.7450191317219816 0.03214133794672147 0.023330492142117264
4 0.3129417855146322 0.6061192975615819 0.07531301779449713 0.08772263192686935
4 0.32313913927868443 0.5089531991331585 0.06969968775644109 0.1030565334984459
