6 0.674225235954844 0.6308162164344175 0.09850217427525151 0.2853298262236546
1 0.6757155339630542 0.5088957138035817 0.034847698672140125 0.08325211575678075
6 0.7329972897185908 0.328275774383395 0.09173402380771342 0.19590330517696727
1 0.6967870789462023 0.3772438954018475 0.02532725292686635 0.05770608418674961
4 0.4981586814055303 0.42161406363417236 0.050354524004105096 0.06384966837349922
4 0.4945291664766115 0.508514824157516 0.04706589754067192 0.03554265785015538
6 0.77819265681225 0.09520202403045916 0.10284424063022612 0.19040404806091832
2 0.721409308163551 0.574961058584262 0.04111587939029935 0.08674113680346807
2 0.6965315071302787 0.6896528901401757 0.05070904800821019 0.12478716837349921
2 0.6723713235834492 0.8152367190652534 0.03644656010845857 0.08959312101845249
2 0.7817802233636162 0.2660796112715677 0.048764752926866176 0.05907116311182729
