4 0.7265625 0.11640625 0.05859375 0.02890625
1 0.73515625 0.2984375 0.0296875 0.10390625
6 0.58125 0.6296875 0.11875 0.2625
0 0.39296875 0.87578125 0.07890625 0.1875
0 0.45078125 0.67890625 0.07421875 0.1640625
0 0.49609375 0.509375 0.06015625 0.15390625
0 0.615625 0.95625 0.04296875 0.08515625
0 0.6484375 0.83203125 0.04921875 0.14140625
0 0.6875 0.64453125 0.05078125 0.196875
0 0.74375 0.43671875 0.04609375 0.2015625
0 0.790625 0.2625 0.05390625 0.1375
0 0.8265625 0.1234375 0.04453125 0.13125
