4 0.4837075674066675 0.9224365187395478 0.07514985731976367 0.07073065651766228
6 0.5402763211307212 0.5094956363241864 0.2634336087629965 0.9606476502711464
4 0.5022691687305751 0.8176126633533535 0.07671235731976367 0.07073974687674216
4 0.5035362621965997 0.7441478922761147 0.07598461124870504 0.055114746876741984
1 0.4838551548768363 0.6739308410464506 0.03147263192686935 0.07203862646343318
4 0.5240263906088126 0.6807302868899205 0.06308650496239868 0.0800329336450254
4 0.5266376602535198 0.602568925453602 0.07038958271265763 0.06914088544042354
4 0.5197626139347922 0.4885155158126816 0.11781254631872748 0.11471700585373253
4 0.551969338294229 0.3914268923743106 0.09223034946188076 0.10207156010845857
4 0.5793215887085138 0.24044565447455896 0.07518839867609248 0.10509656615858276
4 0.5982277923897861 0.12624225390882488 0.08118584160399785 0.13324883723582165
4 0.6048352032669877 0.03320987139526756 0.054473484284234173 0.06279998184962739
0 0.3269823784077036 0.87958646428843 0.09764990363849116 0.18489315046753846
0 0.340760126340789 0.6888296540817755 0.0840968258882322 0.19574883723582168
0 0.3655288782028158 0.48237966618202394 0.08224322745980875 0.18948974687674197
