0 0.2419197592401287 0.8611481854722289 0.07778772721932725 0.21528980925276536
1 0.2196653025240395 0.9178209253259592 0.03715774881887368 0.08028751785690744
1 0.23571439925866217 0.8401498928585551 0.03214286660488845 0.07083069724005639
1 0.25300853746309704 0.7757464736216759 0.03672123920022674 0.06778751785690744
0 0.29136665461613975 0.6429652013005415 0.08192959019601868 0.1997466298696164
1 0.2715105116023814 0.7011595308458463 0.03968254809323426 0.0631545649348082
1 0.2770586179556509 0.6361794131510946 0.030689494009550167 0.07392842370110611
1 0.3660888245869221 0.2531429963498473 0.0285813569862416 0.058276150162155815
1 0.39907739546082904 0.10091229464556398 0.033487111795565114 0.06460797077900678
1 0.3771056809401916 0.18806742126876944 0.0341418762235353 0.08335797077900682
0 0.3340923240387679 0.4561685848236058 0.06913692431676957 0.146430715096964
