0 0.19266797466447796 0.8581079918593997 0.07337061850068465 0.21602114767057934
1 0.16835228477275008 0.916326605608781 0.03513116943775674 0.0814071302577247
1 0.1877902580505728 0.8380820969023539 0.03017088479802066 0.07178646879233526
1 0.2076457684754141 0.7722966446183616 0.036284492478152595 0.06742651741285463
0 0.252135217538342 0.6373550785849881 0.07760347743445788 0.20064180913596844
1 0.22935929559330276 0.6962730551792398 0.03931856426490725 0.06446529172311415
1 0.2390358239648327 0.631801119403591 0.028653848904643377 0.07326708163720586
1 0.34550976214070095 0.24321225294067608 0.02668217194503919 0.05912269448207601
1 0.38507603048310096 0.08980729195025666 0.03155152837152997 0.0656183559474653
1 0.35913800461885353 0.17697309927720295 0.032097097651002125 0.08436835594746528
0 0.3036619282797524 0.44822065750866036 0.06516566191590929 0.14850609905006032
