6 0.27334941542982466 0.8016038157488824 0.15082206120592376 0.3554705243497292
0 0.14005957237808472 0.8812112694817607 0.06956344499482006 0.21978639448011278
0 0.1812989642297516 0.6494294354722289 0.061207289494302056 0.24149775324641104
1 0.1872942531048811 0.6547890913164276 0.020860463606069857 0.04563978246740419
1 0.1761705084815646 0.7260192090111792 0.024494885855810854 0.05663182954530477
0 0.21906875372405366 0.4083407853100732 0.0640411910658786 0.23530230032431146
3 0.5802290014477421 0.05018252475841397 0.04884422249741007 0.10036504951682794
4 0.48706323656054595 0.28579008076641604 0.0551713052100677 0.1789432061685102
3 0.5426968064529221 0.2645230069031541 0.0388142510334573 0.09591251785690744
3 0.5257554013666887 0.3936201716758065 0.04404971463952716 0.1412795649348082
4 0.41534217039222343 0.7195026075517772 0.044845927212139716 0.09133411201270895
3 0.47197316005314116 0.7271008733800899 0.0351070541766104 0.08335797077900686
4 0.42999332940739804 0.6060577163180751 0.05334763192686935 0.07274775324641088
4 0.3856781333791207 0.9206384135581317 0.04411818114108126 0.07570911201270895
3 0.48782725413833833 0.5543082556853381 0.07958910835322079 0.16687958279171564
