5 0.4432900051672865 0.474112648228043 0.08670378742738745 0.05049087939029935
2 0.4869735769216895 0.28787062119887585 0.12678513192686935 0.0725931383672898
2 0.49426600020488776 0.39410698566025637 0.0861943651776464 0.03955337939029935
2 0.46335425620074383 0.5693342446372468 0.08132708271265762 0.0692045179539809
2 0.44481838771332854 0.7921586662802198 0.08234592721213971 0.0910795179539809
2 0.3604370413518197 0.9770745426454571 0.04571491439185813 0.04244203005422946
3 0.25644066852568737 0.42206031059943794 0.035539393713693725 0.02519998789975162
6 0.3546939621583278 0.09874500956616564 0.1106593258882322 0.19590337334017516
6 0.3276927762597357 0.34115522336361626 0.12897698635114888 0.25380677693097137
6 0.27184099834286096 0.6017069039835796 0.10183228949430205 0.2411522408266178
6 0.23526575930111573 0.8566762051150478 0.11077064185166688 0.23183178298109547
1 0.2178064315508567 0.8677182442444634 0.06620719685684691 0.01288179508134384
1 0.2287909733214703 0.7512165454741273 0.05356164764263518 0.009684072208706951
1 0.25387655644841284 0.6690171238311544 0.05036387303552932 0.008103391490547906
1 0.24804824151843538 0.7284421208060923 0.06657106989237623 0.02069429508134384
1 0.3044564834556648 0.36238987392935035 0.07252997146395276 0.01448065651766246
1 0.3037629706353832 0.31394328357027074 0.06635274607105864 0.01600679508134393
