1 0.5831401427820865 0.29025785681660565 0.047387128529814505 0.126527783665264
6 0.5067999854850307 0.633983064165667 0.12274614436493217 0.3024206502701524
6 0.4978184759181191 0.8621899097191633 0.11942726458147632 0.18835815027015243
0 0.36002295922507177 0.8771477655242785 0.11261497492717538 0.22246033175849825
0 0.38285402012476666 0.6289458785009701 0.11843907759274241 0.2616865228654907
0 0.4035459195042638 0.37379458703115775 0.11030832884638357 0.25047620435383644
0 0.42467808808409063 0.1303347637101801 0.10374008010002492 0.23932044954451306
0 0.655593118962903 0.09226682323615969 0.07943876207419401 0.18453364647231937
0 0.6478247684089071 0.29346221316987514 0.0756318004748536 0.18526786660488845
0 0.6315763281214679 0.5031918772350257 0.076313762074194 0.20870536660488845
0 0.6196433147936327 0.6987226320443491 0.07517715940862679 0.16964286660488845
0 0.6058893886919583 0.876366482407169 0.07692151583511767 0.17594743030721957
