6 0.60390625 0.1125 0.07890625 0.21171875
1 0.62421875 0.09453125 0.04140625 0.1234375
1 0.53125 0.478125 0.03203125 0.0671875
3 0.56015625 0.44375 0.03984375 0.0453125
6 0.4890625 0.6171875 0.08984375 0.2484375
1 0.4984375 0.603125 0.03671875 0.103125
1 0.4640625 0.7171875 0.0296875 0.09921875
6 0.4125 0.86875 0.08203125 0.2375
1 0.4265625 0.81328125 0.03203125 0.078125
1 0.41484375 0.90703125 0.03125 0.075
1 0.39375 0.97109375 0.03359375 0.05703125
3 0.4890625 0.70859375 0.04609375 0.05
6 0.5515625 0.32734375 0.05703125 0.20078125
0 0.16171875 0.8921875 0.1140625 0.215625
0 0.2171875 0.6859375 0.1125 0.20390625
0 0.253125 0.4828125 0.08984375 0.20625
1 0.2296875 0.765625 0.03359375 0.028125
5 0.4171875 0.48046875 0.0265625 0.0234375
