0 0.3121648531547913 0.4246792237831947 0.10029355357097236 0.1491297906531946
0 0.28896047644555506 0.5820371288934378 0.1114856267092362 0.16032186379145835
6 0.5471412248300345 0.3371292448690977 0.20788915444465292 0.20941528685347235
4 0.4652002405976038 0.36492563012770873 0.06871493882958327 0.06718880642076393
2 0.49745296219659707 0.18823649676895876 0.09218880642076392 0.06929682028847228
0 0.310332862272847 0.26830193721406276 0.083542464665139 0.16747974715020836
2 0.3376947960684372 0.2681571200597225 0.0742752610179167 0.10479790919430557
5 0.40951916394395826 0.07050217648048646 0.03332164627652787 0.022638719414791696
2 0.39161269776020785 0.6047498899113546 0.1144274823325695 0.08543096656499997
2 0.4524794222089927 0.5084574245806254 0.05941267401194459 0.07009560087368065
2 0.41459952213274265 0.4231550510055212 0.07140352773541672 0.048511541603125076
1 0.40374444937572845 0.855949367209931 0.03350348423243048 0.030451219414791807
6 0.4911892447785757 0.8870863451740973 0.16017900626826406 0.2258273096518053
1 0.4468567101093048 0.9515352773541672 0.03510235182361114 0.03205008700597247
0 0.27485899601284663 0.717720055755174 0.09306162860909736 0.10679682028847245
