1 0.47560655211644925 0.8496849853927987 0.030105670671545327 0.036455697240056394
1 0.542973128739633 0.5281315393705582 0.015970445337363515 0.02996023538950343
1 0.5513963454407678 0.781942331984232 0.022165901336727245 0.025381829545304768
1 0.44122136676476825 0.7151014797107559 0.030287484006999675 0.052080697240056394
1 0.5026032147517234 0.6179167881527422 0.030487478675999567 0.0692681972400564
2 0.6078361547580867 0.6629644610430694 0.044404528007635946 0.057013659090609535
2 0.5936725627386785 0.5202138993546722 0.08989884134309048 0.07342959172016936
4 0.5833981340706331 0.5102349273578494 0.05347044533736352 0.03061480032431163
2 0.6603504380569519 0.4080900004103324 0.0678965720082724 0.062110262174864594
2 0.6424624093729981 0.28103262256931094 0.053888616008908666 0.06655230032431154
4 0.6956986867440873 0.5582848693229001 0.0445317973424542 0.06795115909060953
0 0.7427271333943153 0.4363456396154395 0.1182249306969986 0.22545574188232517
4 0.7302634960614063 0.4396888279270422 0.05719542934436319 0.0822318474022122
5 0.7161822673854067 0.37117065300812013 0.04892839600572714 0.04303297970746058
0 0.8070056200270443 0.18517287744057492 0.09035446936663476 0.24683981818121903
1 0.6862333274188142 0.6178371473260773 0.03175907733927232 0.04429547077900686
