0 0.6718975085181214 0.7111059730563563 0.22965586688067746 0.3692637524190744
1 0.6911168871699218 0.8285132809347466 0.07425570616851011 0.051152247298576724
1 0.6737309695578955 0.5925834862105359 0.08406708279171564 0.07669827886860806
1 0.7352878526739227 0.7210416861540662 0.0705148717519414 0.1945382262518894
0 0.11927706898870265 0.7077963604245217 0.2001592816533299 0.37847215244730936
1 0.2201520020252996 0.5848964576948636 0.034012535713814976 0.07066111049510884
0 0.1813428721556833 0.5077123314147393 0.08025233603812651 0.1264252630835923
1 0.21442810754518668 0.5252484419098481 0.033876168019063256 0.06284861049510884
6 0.43808339041633254 0.8490730787839034 0.16499334902377 0.30185384243219315
3 0.4853987211794534 0.8469693363940625 0.06174779788867966 0.13939569994353035
6 0.4570247106294418 0.5627917574689848 0.13793992532266391 0.3014854472421071
3 0.5046906432590016 0.6108344153191402 0.05632391233702041 0.09693518415851479
0 0.23564321956119078 0.08630703925077736 0.09113528896022585 0.12393729991529541
0 0.2177035174498704 0.22106147084904332 0.10113758035608367 0.16042083148532651
0 0.2088484890396561 0.38444143138650444 0.10267280681713338 0.15894933674699824
4 0.17296731046728603 0.5197118024755442 0.0518897824674041 0.02175317363517095
1 0.47177695738303094 0.5137018100857033 0.02781708279171564 0.07342208944842135
6 0.48007110389503393 0.1840521074407499 0.10252853084255094 0.24010833148532645
