1 0.47125675094993047 0.022635110391151042 0.044986498100139015 0.045270220782302084
6 0.6416692087781246 0.48802828531007314 0.3760365824437509 0.9760565706201463
1 0.49365777460128457 0.062448038152742226 0.04643989532659738 0.04922843262955987
4 0.48537184270555545 0.11647701907801875 0.05454333605604163 0.06186480032431154
4 0.5559045078837848 0.010220885147917375 0.05381598423243048 0.02044177029583475
4 0.580266768617361 0.09920196997152318 0.082887848023889 0.13889095048646732
4 0.5822994344611804 0.21318264935467218 0.09487870174736131 0.11723413879807013
4 0.6283171832269094 0.3834036461082613 0.12969141926229177 0.2037443831160272
1 0.4942889817638886 0.3037451939969409 0.052980836056041626 0.06183752678536116
1 0.5364401141727081 0.30457130844528174 0.04960126291777787 0.05084547970746058
4 0.521195014248958 0.38917813352635955 0.09480596656500015 0.11410913879807012
4 0.6204293352030203 0.5209854667251124 0.07009560087368065 0.05901253571381489
5 0.6306765041809718 0.516901938721935 0.11900587955902786 0.08017051542127547
4 0.6477529417762842 0.6220297694850558 0.09498780452090294 0.12192163879807012
4 0.6495128506862493 0.7477291988682049 0.11119468597979179 0.14719437418757356
4 0.6778346063858326 0.9065450913197228 0.10283667211208343 0.12362050649282175
1 0.7442642658644786 0.6359638100701348 0.048511541603125076 0.07113070616851011
1 0.6932914858479512 0.208902478089198 0.03423083605604162 0.06151024431795715
1 0.7066435113991665 0.30628599269969464 0.03619337955902786 0.07872501785690744
4 0.5670055559489923 0.9373741258157218 0.055851262917777866 0.05095457386326174
4 0.5447707992994786 0.7519002759778777 0.055887630508958355 0.05251707386326192
