5 0.3421940393705582 0.553093036598818 0.21095686525911966 0.10037679735218497
6 0.33346610146599265 0.7395570754739473 0.14471603084255094 0.24092471463952733
5 0.3330024513038368 0.7661195754739474 0.1810239034085667 0.08493157981717374
0 0.21709898742468886 0.8593985787837163 0.13160810470581286 0.2812028424325675
1 0.22879223823546777 0.733899926797855 0.05835797077900677 0.03394266046291676
2 0.34216103734196335 0.6445720612059238 0.08110572402541764 0.08496150496239867
2 0.3600224675358912 0.5171748072769823 0.07258411201270878 0.04397263192686936
0 0.28857771022899525 0.26520773883234827 0.10414557792045169 0.2421575748547749
5 0.3248834030048249 0.24578780479578297 0.06440914772652384 0.11228598428423435
0 0.24366108198423203 0.5539769863511489 0.09799676379642239 0.33710620181924555
