5 0.6695333242855156 0.8912802855641729 0.0969369549975255 0.09330738229073816
2 0.5493248863621603 0.6130991127612039 0.11042624491161739 0.08277905925034226
4 0.6056512929663095 0.26953331769662653 0.0832905348257091 0.07106866943775678
4 0.6077383361597615 0.13019803305689046 0.08542624491161739 0.08205163354437942
4 0.5638478160333735 0.031215761513880298 0.10228619629109836 0.062431523027760595
0 0.47162045171816525 0.20536082059962038 0.08260221732199753 0.20677884890464338
4 0.4778162200355309 0.26386364238637505 0.0639673247398008 0.059585600158284534
0 0.45873975067736855 0.4373382463055833 0.1096626843053107 0.18728470282385157
1 0.47857421585165943 0.3679062847062431 0.058379066033373485 0.04226170783841656
0 0.4145249197175313 0.8627079708370472 0.1558692989592032 0.23543269780928675
0 0.44039362166283913 0.6546083143314142 0.14132212008095948 0.19600648495630518
