5 0.2936494284280179 0.8485045097034648 0.03124335594746528 0.03072421034428636
2 0.27228568351640053 0.9275918089778254 0.11477955223856365 0.10694445916316013
1 0.32392782790761954 0.7337252470895932 0.03321529172311406 0.03859127404661713
4 0.37445569312733895 0.8896776359270003 0.06389208163720586 0.02874504809323426
4 0.40280642243512405 0.7967460914619631 0.07802318068726617 0.09006449400955034
4 0.4297241265281385 0.7311582969969259 0.049986711894930556 0.06101191106992569
0 0.47596836273332865 0.6701587988110245 0.11787797602842467 0.22558533175849824
4 0.452810823723748 0.6341295295737307 0.048260437584671044 0.05783234736759475
4 0.47207980212702194 0.5651439165970393 0.029762743102595125 0.032232146641955416
0 0.42351399084334684 0.9045771611123345 0.11344278154634875 0.19084567777533082
0 0.5431093543655856 0.46431059209493525 0.10176829715018094 0.18603175843752046
0 0.6023183372914154 0.2754043487183572 0.13441702283992144 0.18405259618646844
0 0.6407268193127338 0.11003480906264344 0.10851626413349429 0.16599207694917478
2 0.42464263738227237 0.4398239688666248 0.10203389077317446 0.10182044954451311
2 0.4202561097926525 0.31444202295030876 0.09570200361804453 0.10003969473518967
