6 0.28561856654735696 0.785280213254693 0.15906824701622818 0.3751141058051154
1 0.28143857173844167 0.7097990636175129 0.04030429451244917 0.23686508293962466
4 0.3375157245386868 0.8848238562684514 0.07348227360693613 0.08365080290255769
4 0.3435899612433328 0.7403744518219477 0.041686242036904984 0.07318452885594055
3 0.4362358186840828 0.2607663081752173 0.051713689420186525 0.05794147477225646
3 0.4252612503529359 0.35548853113337525 0.06785389988706055 0.1208779843909034
3 0.4253151872834608 0.4482663081752172 0.05465667889684287 0.05492560217691818
3 0.4167676689381965 0.5280902174310443 0.06034523677523325 0.07227679328391083
3 0.39449928483615154 0.642698354454353 0.04215667889684287 0.05448909255827132
3 0.3881813954018475 0.6842410137101801 0.04013915258848364 0.04662202885594056
3 0.38625560337905995 0.7708506363055184 0.038925263083592475 0.07932540145127867
3 0.37576615343552966 0.8304711729660073 0.04409861049510884 0.03428571996293321
