2 0.53536840523555 0.6981563853243518 0.09009883601209037 0.09269151878308043
2 0.45664561059836684 0.4842795691264601 0.03964430267345413 0.05159167490485981
2 0.5610876625955032 0.5011076303814359 0.0585579346753633 0.06641817885919252
2 0.5644052086250928 0.28310704688333865 0.08848179201145392 0.08794035178688589
2 0.5930125613065013 0.17339912444993683 0.07752611067790856 0.08593218281352515
0 0.3165349472072331 0.9155680142972749 0.12196700135263541 0.14708985870696836
0 0.3364218278962775 0.7499920938410394 0.11777039735836255 0.18908635771838506
0 0.36546607992523067 0.5356285049057348 0.11324652936027153 0.20295785672980174
0 0.3785035239497295 0.3547140859323741 0.11144767202418074 0.18258168973360736
0 0.4025148306413193 0.1702289979856526 0.11598972135581712 0.1702726907221906
0 0.4171869526575459 0.0589890449433534 0.10933973201781733 0.1179780898867068
5 0.4791238786600912 0.028891732168321815 0.07093066534054522 0.05599001482874762
