4 0.5991324034947224 0.224341093252731 0.05566942496187508 0.04282384667409058
4 0.6355030485369791 0.07465871924732215 0.12220361474138883 0.08264996268299925
2 0.5939863893426736 0.0069926979630926065 0.10047277868534721 0.013985395926185213
0 0.46900402602298685 0.91197854793923 0.14604246466513898 0.16727950135263542
0 0.4828996058107645 0.7367694626034573 0.11973453780340293 0.17790791868236297
0 0.47012292961461843 0.5235791192711847 0.14302787385944454 0.23909995735199913
0 0.4572196200597225 0.33852286660568465 0.1316526563445141 0.1530533693507265
6 0.5045076216752431 0.09038700063654684 0.1215152433504862 0.18077400127309368
6 0.657938586243473 0.8707070159134584 0.14106533035645868 0.22189427601845396
6 0.6584249762517367 0.6565808812460495 0.14255509517409734 0.21878745735199914
