4 0.5732940349063314 0.5588776115103476 0.09393300649282174 0.10214568787965277
3 0.5906864918889158 0.8609674415824659 0.12147735389503396 0.15901393692972227
4 0.5865756903467882 0.8725952726045143 0.06578073295387146 0.09992857123840296
3 0.6163256457045195 0.9592601244281255 0.041852309252765355 0.07125805737069442
4 0.583923617698047 0.4872208170574311 0.0689875535707225 0.10468880642076392
3 0.6251213620160041 0.45535387442812547 0.058295515421275465 0.11849673328249999
3 0.6355112114468112 0.3078794623840283 0.06139324188232518 0.11700696846486114
3 0.6359414541399153 0.05935104340607692 0.05909435633066593 0.0747831008736806
3 0.6405959521113205 0.15090276377079914 0.05610572402541773 0.0825228656913195
4 0.567014581577195 0.38131565596326433 0.06712504464226861 0.08746493882958344
0 0.2301756858825613 0.8694968420399654 0.09838650162155779 0.2610063159200692
0 0.2512048007346439 0.6084353215227433 0.09202740746575647 0.2614115851061111
0 0.2691225523562017 0.343119446047778 0.08108990746575646 0.26115701196784735
