5 0.6605804792030618 0.9326572159682426 0.09529763103285874 0.0928188527754692
2 0.5406573264858385 0.6484811927365379 0.10741568511654265 0.08239068874502423
4 0.5966766256753812 0.30906320707099405 0.08047123920022674 0.07037084980971961
4 0.5988517061679349 0.17028720855386875 0.08247024881887377 0.08293451680591395
4 0.5552976244094368 0.06241370015091178 0.0993849303072194 0.07582235376405226
0 0.4631349501774852 0.23809017939066512 0.07589784500534211 0.20748884783255317
4 0.4690873390148923 0.29684309688115107 0.06295635698624161 0.06029551285158128
0 0.45014390997361736 0.46926192494204083 0.1033135168750409 0.18832235376405232
1 0.4695908252198942 0.4006220128887623 0.057614092558271324 0.04135451186299814
0 0.40636420515644467 0.8866921988780018 0.14864586424263582 0.22661560224399652
0 0.43191973274644085 0.6846176695048334 0.1347817716843645 0.19584569368794008
