4 0.5977974911086598 0.08854246003674353 0.02899829528527036 0.01989600593149903
4 0.5997816761786824 0.02913562653864633 0.03168664764263518 0.010648339923887829
4 0.5653828658013282 0.6836639590481604 0.02609161910658777 0.024456171939110406
4 0.44658582403071456 0.5621961828507063 0.030706344499482084 0.02308467292769336
3 0.6760806172490702 0.7437485662722537 0.03696065260503385 0.09039950692008211
2 0.4702907278786027 0.9271327747517603 0.09277400496239885 0.08331651878308008
2 0.48610412655469515 0.8228909437251211 0.08507282092583353 0.11887201680591417
2 0.5005005744449993 0.7154604457022875 0.08390842721213972 0.09387201680591381
2 0.5238353746926683 0.6177869496566202 0.09208480024766903 0.10200285178688588
2 0.5337069884225727 0.5234785341433006 0.08390842721213972 0.09387201680591399
2 0.5508645632773476 0.4239878701128557 0.06642982878371625 0.08692167984777566
2 0.5642978246498871 0.3204317885919249 0.06584763192686935 0.07442167984777566
2 0.5746574358985921 0.2660626235728968 0.07485875889134022 0.06699118182494201
