1 0.7134120184449602 0.21696609924106589 0.0470658975406721 0.03472250988583179
6 0.6081432563447118 0.1868886214841873 0.12606357201231527 0.18790585969555132
1 0.433100266205465 0.7384232410655704 0.023573855386194255 0.02439250494291585
0 0.49118950127654626 0.8227544787082806 0.0960215480082102 0.1257586867678576
0 0.5789581877502421 0.638752210419492 0.08524767447164336 0.15343801779449712
2 0.5189746545727548 0.611515889772976 0.028334078258831143 0.03708350593149916
0 0.661775753810629 0.5002534431192864 0.08983518052176756 0.13644151878308025
4 0.6622933833973201 0.5455341096211892 0.04720225292686635 0.0581600098858317
1 0.6581285790443981 0.45588136060977236 0.03776362041330898 0.04684050790866543
0 0.7416683077707675 0.3275070098114697 0.0902169756031114 0.20206651878308035
0 0.8278654038853837 0.1451309085188753 0.09148858411256384 0.15213018577927473
0 0.9102648134281083 0.07850714121866977 0.10226245764913067 0.12445085475263544
2 0.636898994539051 0.3458351985564939 0.0662613251355733 0.1120490138401645
