4 0.6887499867531561 0.1145483428929867 0.06213790145127866 0.035793336056041715
1 0.7066666291339423 0.29558079055628533 0.04277283175849824 0.10715918977951393
6 0.5704711464723193 0.635658317057431 0.15011908420556885 0.27514808320625017
0 0.394925476331901 0.8935039185967018 0.10207839908902612 0.1959684230620141
0 0.442561912081416 0.6936682259673962 0.09344744355406327 0.17234908510611113
0 0.47908723304014095 0.5209398939954171 0.07894843393541642 0.15952177678548624
0 0.6217037419409976 0.9573280696228821 0.053110131032858734 0.08534386075423583
0 0.647998401829797 0.8337159169811812 0.06601192431676957 0.14673083605604162
0 0.6773114235141614 0.6436182470532992 0.07417165389834963 0.20156380642076394
0 0.7229860551799924 0.4327905030372229 0.07121034500534211 0.20617857123840277
0 0.7604290353945444 0.25617410486083403 0.07059029691210802 0.14371493882958344
0 0.7888318323066523 0.11453211872854233 0.06094247840045366 0.13568423328250007
