3 0.6542956635169964 0.2388581364244781 0.11593751324684387 0.1030215237259962
4 0.48581356986241664 0.5970977648659287 0.04952877404661713 0.03322367688202608
3 0.6436211576961826 0.9518622248283102 0.12256945916315978 0.09627555034337973
0 0.6460839587846416 0.9829039777940597 0.06698909255827132 0.034192044411880576
2 0.4790378133238127 0.8722105114058876 0.05454365626060227 0.04278967787060921
0 0.3556747243937384 0.9080983194293776 0.1285317716843645 0.1838033611412449
0 0.3444668619652011 0.7270824007217531 0.14081351687504098 0.18985036167271757
5 0.4084400819281342 0.7718165805695287 0.07304068511654283 0.08099001482874754
0 0.35813251396463414 0.5599094881741828 0.11699407095872498 0.17795785672980174
5 0.38329866115474365 0.3869640780980708 0.08197917549789598 0.068872016805914
5 0.4056671905588384 0.22326633402956983 0.043060519237293704 0.026719008897248563
1 0.30187504636395374 0.3563414777940596 0.040917665879249124 0.054716674904859805
1 0.2966418762235354 0.09478189528454559 0.05919643992586625 0.0866670118629981
