6 0.5599007066950062 0.5219599638758526 0.09121365671569084 0.3106841298696164
1 0.5848088534610745 0.4793866801906326 0.04398237336031983 0.06477161201270895
1 0.5547285278167624 0.560967916797952 0.04727114767057934 0.06795115909060953
6 0.47757072704853687 0.8358475683830899 0.09564885119776693 0.32830486323382
1 0.45337855325867576 0.9580008295420095 0.056728034825709095 0.06967730032431163
1 0.4803305568767204 0.8615076590873143 0.04521068068726599 0.08820911201270895
1 0.5062965926069406 0.7689071018631438 0.04455558344622812 0.07570911201270895
1 0.5210385232942067 0.681584379866321 0.041512470601357876 0.0772170649348082
1 0.6020516644060654 0.35926509496328496 0.03452548620519007 0.06304547077900687
6 0.6572348886254679 0.18663216436232 0.11152615671569102 0.3110386858759707
1 0.645399951945308 0.21848613635914277 0.0453744549975255 0.09133411201270887
1 0.6892362403890615 0.05347479098552543 0.031072937584671046 0.0567409237011061
0 0.2196962720510113 0.9257711619299833 0.1011198439616777 0.14226141233702022
0 0.2568321811415514 0.7692444724005647 0.11797315128862396 0.16597164772652384
0 0.30190009893851866 0.5956530137964224 0.12693871551297517 0.15832278896022595
0 0.33870513738227237 0.4305189374975285 0.08911116689245624 0.15141822402541774
0 0.3747842367710169 0.1449496302733581 0.07348616689245624 0.15114548863591432
0 0.3258510125516145 0.3176916550301244 0.07317190637700666 0.08557503571381497
