5 0.6431402426848962 0.38803066870483793 0.04912848423243066 0.031378974772256554
6 0.5597140661075006 0.5997072678865314 0.1939383700597226 0.35024308057737186
1 0.5312786351617019 0.5201661008261558 0.04774912860909737 0.10626984736759475
1 0.5110408299752088 0.6248635245099532 0.04095361474138901 0.08261409255827132
0 0.36847604274048684 0.848769794380219 0.13666877108590292 0.23739585099579194
0 0.44517944063253523 0.6169989500078492 0.10498235999173637 0.21755457694917482
0 0.49457480290538225 0.35412443857510384 0.12017225531833357 0.2664831502701525
1 0.5333450557551739 0.2730182823145016 0.03263196846486131 0.06046627404661713
0 0.5608673776591668 0.1150297279991495 0.11323127108590292 0.230059455998299
4 0.6255461670780903 0.0394419235989794 0.041062717514930645 0.0788838471979588
