2 0.4625 0.70859375 0.09609375 0.134375
4 0.4734375 0.7515625 0.03671875 0.03671875
4 0.44921875 0.69765625 0.02578125 0.0234375
2 0.46953125 0.57734375 0.09609375 0.11328125
4 0.49375 0.59921875 0.0171875 0.02265625
2 0.490625 0.4640625 0.08359375 0.08828125
4 0.46875 0.46171875 0.06484375 0.015625
4 0.42734375 0.009375 0.0359375 0.0140625
4 0.409375 0.31796875 0.034375 0.053125
2 0.4375 0.92890625 0.090625 0.0828125
2 0.44921875 0.83359375 0.096875 0.103125
2 0.50546875 0.33671875 0.059375 0.13359375
2 0.5015625 0.20234375 0.07734375 0.1015625
2 0.5046875 0.07421875 0.06953125 0.08125
