4 0.629359432373888 0.9799092932447767 0.033394381458888844 0.0253818080044546
6 0.436140028497916 0.7915842319382755 0.11127003400368078 0.28403064934754474
3 0.43228963630545075 0.7221166166056847 0.042769381458888846 0.025490896005727137
3 0.3773624809108673 0.9008325099459116 0.027180749050069508 0.026871582670272433
3 0.4680836255718745 0.6271944679344575 0.03833645459715278 0.03637385200509069
3 0.586896668693611 0.18686836525304915 0.05948540919430556 0.07254770934118145
6 0.641203615406979 0.13546894991250405 0.10981533035645849 0.2215306493475448
6 0.5842775489182289 0.3329530245862764 0.10323671561506949 0.14022610534690844
6 0.5282600189986106 0.5249592585932762 0.10621755167111128 0.2011817866804538
2 0.7181602800165274 0.4196524985678227 0.07630923328249999 0.05712270401018138
