2 0.5541505717202476 0.49317670567489413 0.08440374373179385 0.0590275192218769
2 0.595553158550697 0.36117643317365694 0.09468802586424747 0.09076884215265535
2 0.6421828029821361 0.19434745929293876 0.07838106426490725 0.06651247060135787
2 0.5072601660060375 0.7582794052453529 0.08365959765100221 0.08707063206674714
0 0.2875052586424746 0.8731320420617983 0.1255696159934022 0.24059842378986113
0 0.34899537344874254 0.6540378833099425 0.10695600831327016 0.24430327792830403
1 0.3755003859851549 0.5462187392574078 0.023102530878812377 0.04333392017181659
0 0.39878947030832185 0.4351108208946136 0.11743886724704344 0.22925148801421233
1 0.43312736638911353 0.40882828188503295 0.02815374373179367 0.05607958163720568
0 0.4795009465556454 0.17958119515944457 0.14962689311129082 0.3167448439616777
