3 0.5954871575978169 0.6169899569594508 0.044040891490547907 0.051782675893442945
4 0.5519189647794093 0.5875226328528939 0.07854315651766246 0.07505834980971962
4 0.4569048839864953 0.9428733191264602 0.11918633723582168 0.0798386917107738
4 0.511044500785567 0.49780355825204514 0.08172269867214013 0.08456068380210838
0 0.31105657368164497 0.9066386832706357 0.11489881303532483 0.1483976907221905
0 0.35435309748935834 0.7142946743733871 0.11367265632127062 0.2061465237259963
1 0.3426752541052166 0.707740926844845 0.033048849336070066 0.04196200692008212
0 0.40717006704234554 0.4965686634989723 0.09642152380771343 0.19450868676785796
6 0.6150876270526083 0.33578903650321534 0.10583288524403187 0.20114068874502422
1 0.5360369730690288 0.09531788680722653 0.02989657825883114 0.03714717292769345
1 0.516805184037809 0.17889439076155922 0.03460225897699054 0.04046317391627659
1 0.5079341780858806 0.2269008092406284 0.033057939695149585 0.04352450692008221
6 0.6748949399897373 0.12480777414592567 0.09357832493918146 0.24281885277546905
