1 0.27265721346881555 0.7609375 0.04190685633066593 0.0734375
1 0.3538157102224047 0.7109375 0.0417977621748646 0.0671875
3 0.38597146549741046 0.85234375 0.056705741882325175 0.115625
3 0.4109151440697805 0.71484375 0.0513091298696164 0.075
3 0.4444662094116258 0.578125 0.05826824188232518 0.115625
3 0.4569468441525061 0.4875 0.04832049756436803 0.0828125
3 0.5282943697233466 0.09921875 0.06435460064862308 0.10625
3 0.554465357548482 0.03203125 0.03856366801906326 0.0609375
3 0.4995047167185217 0.3296875 0.038672762174864594 0.0671875
4 0.47579666111920443 0.13515625 0.03185001785690744 0.034375
0 0.07495214488055944 0.84765625 0.09765011606989862 0.2234375
0 0.10642646712226353 0.63671875 0.06744441882984216 0.19375
0 0.1710990730491877 0.403125 0.07464899269310407 0.2484375
4 0.3654702305149441 0.6625 0.027026150162155815 0.0265625
2 0.1670908262923033 0.934375 0.07905230032431154 0.053125
1 0.42787122442915954 0.38828125 0.037219356330665934 0.0734375
