4 0.3296875 0.1453125 0.04765625 0.0671875
5 0.3515625 0.7359375 0.03984375 0.01875
5 0.3421875 0.58046875 0.0296875 0.0109375
0 0.1734375 0.87734375 0.07265625 0.22109375
1 0.17109375 0.94765625 0.025 0.05234375
0 0.2109375 0.64609375 0.07890625 0.17421875
0 0.26015625 0.39609375 0.07265625 0.23203125
1 0.26640625 0.49140625 0.0296875 0.06875
1 0.265625 0.37265625 0.021875 0.03203125
1 0.28046875 0.30078125 0.03203125 0.1015625
1 0.3 0.18671875 0.0234375 0.03828125
5 0.38828125 0.228125 0.03828125 0.0203125
6 0.421875 0.840625 0.11875 0.31875
