5 0.42109375 0.4765625 0.08359375 0.05
2 0.4734375 0.290625 0.1234375 0.07265625
2 0.47578125 0.396875 0.08515625 0.0390625
2 0.43671875 0.571875 0.07734375 0.06953125
2 0.4078125 0.79453125 0.07890625 0.090625
2 0.31484375 0.97890625 0.04296875 0.0421875
3 0.23671875 0.4234375 0.03515625 0.02421875
6 0.35 0.10078125 0.1015625 0.1953125
6 0.31171875 0.34296875 0.1171875 0.25234375
6 0.24375 0.603125 0.08984375 0.240625
6 0.1953125 0.8578125 0.1 0.23203125
1 0.17734375 0.86875 0.06484375 0.01328125
1 0.19375 0.75234375 0.05390625 0.01015625
1 0.22265625 0.6703125 0.05078125 0.0078125
1 0.2140625 0.7296875 0.06640625 0.0203125
1 0.2875 0.3640625 0.07265625 0.0140625
1 0.2890625 0.315625 0.06640625 0.015625
