5 0.5947293238352896 0.054300675034559785 0.039301517412854634 0.035684528855940534
0 0.31891917062204245 0.9071503342055689 0.1104948439616777 0.14422620435383635
0 0.3956609758012822 0.6602877470895931 0.15273765490666857 0.26579366950744615
0 0.46289498416902514 0.4552034322061359 0.13243844301173802 0.20581846878180682
4 0.7662026113745322 0.20143611377929965 0.06462242198083885 0.07244048439090331
3 0.7906260792623566 0.2061881011654279 0.050976001809022266 0.05012897477225655
4 0.7409436618040736 0.25514146713734426 0.056646147670579336 0.06904266587924912
1 0.752372484734852 0.26489841305366024 0.03172803482570892 0.06973214664195541
4 0.739040325078485 0.3081027760303517 0.0655298247398008 0.05999504809323426
3 0.7702969691310197 0.27956111377929965 0.04464411465389251 0.04834821996293304
4 0.5232658338964541 0.9604824207309814 0.0641244549975255 0.07903515853803711
1 0.5298024389394081 0.9642981460938012 0.042085680687265994 0.0714037078123976
3 0.5441891655336597 0.9871590099775419 0.042672178878243726 0.02568198004491613
4 0.5496844917437986 0.8762178258528663 0.05935506784239593 0.09097222958157972
3 0.5943485385552953 0.8356672369227922 0.049904824739800804 0.05944941106992587
1 0.6041971720923804 0.7408730920949352 0.0387150192218769 0.08401290145127885
4 0.5836666660994867 0.7955233865599725 0.05886374491161739 0.08159722958157989
3 0.6173489473071511 0.7686260698624167 0.04340916327441171 0.05454365626060227
1 0.6377732326986871 0.6375496846532066 0.033126760515449584 0.06666171034428636
4 0.6117330331282285 0.6912277561600858 0.07884869629109836 0.0760565577118811
3 0.6528183785602442 0.6567907579741844 0.03995661465389251 0.04818452885594056
3 0.6677949253717408 0.6152034586998237 0.03979284034363317 0.045059528855940556
3 0.6949538896415206 0.5233532645976062 0.055738744911617386 0.08148810217691818
1 0.7161184814554916 0.39152291123956173 0.03501680913596843 0.07296627404661712
3 0.7507048433958508 0.3669966263931714 0.056482373360319825 0.06591766587924912
1 0.5583158632950962 0.8921156443645207 0.04364818068726599 0.08886409255827132
1 0.660405149252459 0.5634772675928312 0.03846935775648763 0.07932540145127867
1 0.69574842774659 0.4641146738534334 0.04529256784239592 0.09048115626060227
3 0.8021910210308991 0.1590229244864056 0.03979284034363317 0.045059528855940556
1 0.8044628499545714 0.11309286559339818 0.03641553482570927 0.06989583774894799
