2 0.5278571931904331 0.30967550575578207 0.06495506175762493 0.08801521046687402
2 0.5157185575344826 0.4035088057416646 0.06638116943775678 0.08341871572854594
3 0.807561413565262 0.24016955865484918 0.05077288981258547 0.029474668373499213
0 0.515514249866986 0.9074983557275471 0.10529055674305994 0.13404034200867015
0 0.5133714251772374 0.7800636004658753 0.11627352084968248 0.13623987884037322
0 0.5297512799543755 0.6437242820641413 0.08547816191590947 0.15004477360693613
0 0.5210629385715796 0.5064972978491568 0.0991314849563052 0.13680132096198286
5 0.5541936873179385 0.515523687354048 0.06529003087881229 0.04591871572854593
1 0.47793609804671355 0.20771816360593753 0.056324207838416386 0.05943518415851479
1 0.49815400666391757 0.06880758205002384 0.045704956584775226 0.06973564732681177
1 0.7816280847188783 0.002771964836650864 0.03496603338609496 0.005543929673301728
1 0.7825831117702601 0.5382199217807939 0.0857054824490227 0.15785727360693613
