6 0.6611863003399311 0.6822978386461523 0.2048771764804865 0.421173394391219
5 0.5916537439191671 0.6115482473980082 0.05879442496187508 0.0452173247398008
2 0.502797144564098 0.9174496873575284 0.06362870174736131 0.11881859905006031
2 0.5114980377064937 0.8219291474434367 0.05937630642076393 0.0702173247398008
2 0.5315526985163199 0.6442921483479479 0.05766833605604162 0.06388543758467105
2 0.5461035481557296 0.5319116570543752 0.08412173328249999 0.0605900192218769
0 0.4014340131052091 0.8823631999091429 0.08685060904180571 0.23527360018171423
0 0.4221231471295491 0.6362162974888652 0.07776654977125012 0.2568918091359686
0 0.42555269918191 0.41479167684207885 0.08390614057694457 0.18542624491161738
0 0.45717933320625015 0.16441321856519292 0.08456206363895866 0.2806568577564876
4 0.6806253249412159 0.612309565240404 0.06097517401194459 0.07186171189493056
6 0.6291784598185771 0.9313368280749319 0.19913109707395832 0.13732634385013612
1 0.7027438995980911 0.9876947096894234 0.06478985182361115 0.024610580621153132
3 0.7319001502636813 0.7702758734718615 0.05941398043270851 0.13888543758467103
3 0.7353660699072226 0.5504137528250752 0.06962412860909736 0.10820864767057933
3 0.7364038526766324 0.6620506156699454 0.04945709897381949 0.11339411465389268
5 0.5846380648732296 0.4777497795101838 0.19683993882958345 0.07586089439121899
5 0.5980816626127782 0.41837145748391646 0.2529444684648613 0.07255883197589004
