2 0.64609375 0.20625 0.05078125 0.05234375
1 0.69140625 0.34921875 0.028125 0.0546875
1 0.67421875 0.60234375 0.03359375 0.1
3 0.7265625 0.7953125 0.03671875 0.18203125
3 0.7125 0.9484375 0.03828125 0.0984375
3 0.74140625 0.5109375 0.03203125 0.10703125
3 0.73203125 0.63359375 0.0296875 0.0890625
1 0.6703125 0.70078125 0.0203125 0.0453125
4 0.634375 0.78046875 0.03125 0.02109375
1 0.66640625 0.76796875 0.03125 0.05703125
6 0.6453125 0.9203125 0.1171875 0.15859375
4 0.6421875 0.88828125 0.07109375 0.08359375
4 0.64296875 0.9875 0.06015625 0.02421875
2 0.56796875 0.53203125 0.05546875 0.11640625
1 0.678125 0.4890625 0.0265625 0.040625
