2 0.52890625 0.34140625 0.05703125 0.08046875
2 0.5078125 0.4328125 0.05859375 0.0765625
3 0.81328125 0.3078125 0.04921875 0.0234375
0 0.4578125 0.9359375 0.09375 0.12578125
0 0.46796875 0.80703125 0.1046875 0.12265625
0 0.4984375 0.6734375 0.07109375 0.14140625
0 0.503125 0.5359375 0.08671875 0.125
5 0.53515625 0.54921875 0.06171875 0.0375
1 0.48984375 0.23359375 0.05078125 0.05234375
1 0.5234375 0.0984375 0.03984375 0.0640625
1 0.81171875 0.06015625 0.03359375 0.01875
1 0.759375 0.60078125 0.07109375 0.1484375
