5 0.3796875 0.784375 0.04609375 0.0234375
5 0.625 0.28125 0.03671875 0.02109375
5 0.5296875 0.378125 0.025 0.03046875
5 0.60078125 0.215625 0.03203125 0.02421875
0 0.296875 0.884375 0.08203125 0.2046875
0 0.35703125 0.6765625 0.07265625 0.1875
3 0.56875 0.8546875 0.03203125 0.0203125
3 0.62734375 0.7 0.03203125 0.0296875
5 0.6375 0.14609375 0.025 0.025
6 0.79296875 0.12421875 0.1140625 0.2234375
6 0.71953125 0.34140625 0.09375 0.21015625
6 0.6484375 0.57734375 0.1046875 0.23125
1 0.65625 0.51796875 0.05546875 0.0203125
1 0.72578125 0.325 0.06640625 0.0171875
1 0.71328125 0.3625 0.06796875 0.01640625
1 0.7890625 0.12578125 0.04765625 0.021875
1 0.734375 0.27734375 0.04921875 0.01328125
