2 0.4589628085563344 0.8811448164887501 0.1420612767345796 0.23771036702249973
2 0.454384913746137 0.7341113880114933 0.11930451190385671 0.09807643692972227
4 0.43056613954564016 0.6647976903481949 0.058067030054229286 0.045095600873680655
2 0.4666899919067723 0.6336028949453476 0.11328177088084708 0.13699346656499997
2 0.4760018802740621 0.5103654166968407 0.12579086123992678 0.13884690729444457
2 0.4689484252572102 0.37971482874093787 0.10703177088084707 0.13684799620027785
2 0.472105762394836 0.2399256301277087 0.11002950585373235 0.115045731382639
2 0.4758534519917898 0.13296711531006986 0.09127950585373253 0.11460932028847229
2 0.47556762656162893 0.04779268151447957 0.09886474687674215 0.07572865824437508
0 0.3297565767067071 0.9314344507974306 0.10239881303532483 0.13713109840513873
0 0.344819016205465 0.7643781566288546 0.10409766842151917 0.1695877610179167
0 0.3607899707313376 0.5709736487450698 0.0822408491396783 0.17220361474138884
0 0.3651148981298472 0.36479638392743086 0.08557492739850954 0.20821384992375017
0 0.364815958041914 0.1475725163362503 0.0997010599120669 0.21947865824437512
