2 0.6308838173417716 0.7862803292407898 0.06871493882958327 0.06601588544042372
2 0.6614765878589935 0.6235803413410382 0.0801979526972918 0.08951701795398073
0 0.457030049674341 0.8701154946372469 0.10683580072118062 0.22715337334017532
0 0.5097329031134727 0.6502479013513011 0.12344141926229177 0.20225336729005078
0 0.5475738227570142 0.4296854164766115 0.0857232137152085 0.19266019867214013
0 0.6296355614547571 0.1283860160090733 0.07256990349472243 0.23164088544042355
1 0.8512774381639933 0.2849304109174666 0.041644598973819315 0.11116475897699045
1 0.8853764151782293 0.10502019712001598 0.042843423062014094 0.09554884933607007
1 0.8175057694703824 0.4789031247149172 0.041062717514930826 0.08616475897699054
1 0.7901282647207297 0.6118928867169698 0.03684799620027786 0.10644998789975162
