5 0.529134885193732 0.25309751002923353 0.035329746239076344 0.034814615756780666
3 0.837151973673534 0.27805679657858773 0.07002299498543536 0.04775423151356133
5 0.6265567691338229 0.4919695652062007 0.04497753087881229 0.0447356473268119
5 0.6094818955520663 0.7896867283886152 0.09072795157021041 0.11603379465362344
6 0.6931940028364869 0.6377972756730748 0.12792172618081654 0.2149109104104042
1 0.6968334798752333 0.6824650335655825 0.055580061757624935 0.08746917889684287
0 0.43463632290738186 0.9339297090455752 0.12619409012915472 0.1321405819088497
0 0.4540729815245859 0.8094924522214303 0.14498955423577745 0.1581904735504665
0 0.4550036810497322 0.6270439732681178 0.1547282670887588 0.17123650512049765
2 0.47023359514371965 0.13189807323988284 0.06803459765100203 0.08663472099021767
2 0.651849656505633 0.07462244148632513 0.05421613855894449 0.04059417889684287
2 0.7276863262725941 0.7778531282756758 0.05426160266556703 0.04215667889684287
