5 0.6095783196079626 0.38962064791536755 0.04780258293962447 0.027107940006363407
6 0.5363962468351391 0.6067905139242763 0.17417663229880312 0.3362658586887264
1 0.503913618249351 0.5306370939290487 0.04260914065150558 0.10201703333863606
1 0.48851181834201823 0.6362422039306395 0.03559524881887359 0.08006930800445425
0 0.3561630766947207 0.8705001199475024 0.1235367368379741 0.227907918682363
0 0.4222419775978453 0.633108660606321 0.0932490361123346 0.21037497334499947
0 0.45961552514292536 0.36793764660250294 0.10582344718226047 0.25737724267981754
1 0.49456593321762626 0.2839711792648213 0.030143856986241602 0.05813976400381797
0 0.5151115901112007 0.1205172065961396 0.10015380054030487 0.22919769867918127
4 0.5757341207812398 0.04087707562859266 0.03575893992586625 0.08175415125718533
