4 0.5021634530051182 0.630242812023438 0.03870967292769336 0.030560322188333443
4 0.525737557263462 0.5314786569131948 0.03839133794672147 0.022747822188333443
6 0.5768716343357687 0.5623844712177435 0.12453837946721472 0.22144120174736132
4 0.5702714658566994 0.5708327508530213 0.03220500494291585 0.024164851823611146
6 0.6770652242968375 0.13774945355031307 0.11516337946721471 0.22122299620027785
4 0.6592583003805609 0.1717425938429172 0.03303267589344294 0.04447735182361114
4 0.6718776585932374 0.05395568179882001 0.06852450692008212 0.03437630642076395
1 0.527327937682079 0.703553678664688 0.023275673916276673 0.034884146276527875
1 0.5773438196207518 0.4740304860353824 0.03446784190105419 0.04138871941479181
2 0.5998421966165086 0.26732654435600745 0.03931185079830275 0.08364895459715278
