5 0.325 0.8234375 0.13671875 0.1109375
4 0.29140625 0.8109375 0.04140625 0.05625
1 0.46171875 0.80703125 0.025 0.08828125
4 0.4390625 0.93203125 0.07265625 0.12734375
0 0.4890625 0.66484375 0.08046875 0.3203125
1 0.4578125 0.70859375 0.0265625 0.06015625
1 0.4953125 0.6 0.028125 0.028125
0 0.521875 0.384375 0.08671875 0.2375
1 0.48671875 0.43046875 0.03203125 0.06796875
1 0.4984375 0.3484375 0.028125 0.06015625
0 0.54453125 0.1421875 0.0953125 0.2546875
1 0.51640625 0.16171875 0.03203125 0.090625
1 0.5015625 0.3140625 0.025 0.05625
5 0.26171875 0.28046875 0.08515625 0.059375
6 0.3828125 0.11640625 0.1515625 0.2328125
2 0.3796875 0.52578125 0.06796875 0.06953125
