2 0.9776584272121397 0.18591141977305084 0.044683145575720576 0.10247433664159918
2 0.9666695773359741 0.2787175039334506 0.06666084532805172 0.09121150496239876
2 0.9300622590962281 0.4186190659679439 0.10727315260503403 0.09386562406898662
2 0.9557300390800172 0.34774148573648556 0.08303513192686936 0.07558650496239876
1 0.9377570967712844 0.5670201786643909 0.05007708271265763 0.07093323821317572
2 0.9596470593438969 0.5158921722542502 0.038193512820281585 0.050111315963434676
5 0.7250923926757272 0.8423434720876344 0.057234611248705033 0.05723461124870468
0 0.6522927475142914 0.8762690159251626 0.1448160020669146 0.19695639081820956
0 0.715997720840271 0.6806974966947403 0.16138707195929064 0.2179966368892682
0 0.7767767473094037 0.47273513937497674 0.16294957195929083 0.21806941149637407
0 0.839229589741971 0.30071028205521316 0.10524407981717374 0.18419952564056316
1 0.8313785483856421 0.26662638048363657 0.03550516046291676 0.05934076674922304
1 0.8589170434232434 0.18548338834151942 0.04099318114108108 0.07674659057054059
