4 0.5946064296733018 0.774436127430689 0.04280912628012441 0.03820911201270878
6 0.49907339277101154 0.7094230077073425 0.18778551024099494 0.3029728157455871
5 0.49729108489262136 0.7265968709378673 0.11565436305535748 0.10972164772652385
4 0.47351195064940194 0.6917718575451867 0.048877115756780755 0.03519320616851011
4 0.49351290848544 0.6303394797041653 0.05816111049510884 0.03379434740221221
1 0.6184365847514469 0.5801230657422918 0.03810621572854593 0.06466251785690744
0 0.2974213455571393 0.8685683624164507 0.13828676820408994 0.23030688311602746
0 0.4000135374669875 0.6646814776755704 0.13801375241907438 0.22561938311602708
0 0.49896478988606185 0.44274402231783905 0.13047426820408994 0.23017051542127548
0 0.5850142239034023 0.2409145154179802 0.12581758930724707 0.17701824188232518
0 0.5394198587819061 0.9376535531636854 0.085951452503779 0.12469289367262917
0 0.6784871479620962 0.6366963940697806 0.11090522084904322 0.2157807329538713
0 0.7672975609327493 0.44117143424782235 0.10797764192396571 0.19231595941492116
0 0.8558804607492227 0.24955272442586418 0.10089318401734033 0.20467959172016936
