6 0.40859375 0.7234375 0.253125 0.35703125
4 0.384375 0.65 0.06015625 0.053125
4 0.37578125 0.7421875 0.03671875 0.05234375
4 0.33203125 0.7984375 0.071875 0.05234375
2 0.3671875 0.696875 0.0703125 0.040625
4 0.35390625 0.92578125 0.03203125 0.0203125
5 0.45703125 0.76328125 0.06015625 0.0921875
4 0.45625 0.83125 0.021875 0.0296875
2 0.45390625 0.8921875 0.03125 0.0796875
3 0.47265625 0.88359375 0.0265625 0.05390625
2 0.4421875 0.96953125 0.03203125 0.059375
2 0.484375 0.725 0.04296875 0.0703125
2 0.50078125 0.63359375 0.0265625 0.103125
5 0.31875 0.53359375 0.12421875 0.07734375
1 0.28046875 0.6125 0.0234375 0.040625
