3 0.6421875 0.21015625 0.1109375 0.096875
4 0.4671875 0.57890625 0.04765625 0.03046875
3 0.61875 0.93359375 0.1171875 0.10703125
0 0.6203125 0.959375 0.06484375 0.03828125
2 0.45546875 0.8546875 0.05234375 0.03984375
0 0.33125 0.90390625 0.11875 0.18828125
0 0.3234375 0.7171875 0.13125 0.18203125
5 0.38671875 0.75859375 0.06953125 0.07734375
0 0.33984375 0.54921875 0.1078125 0.17109375
5 0.36796875 0.37421875 0.07890625 0.0640625
5 0.39296875 0.20859375 0.04140625 0.02421875
1 0.2875 0.3484375 0.03828125 0.05234375
1 0.28671875 0.08671875 0.05546875 0.0828125
