0 0.38284842427045557 0.6237155584386911 0.14150277346576184 0.23192393019392785
5 0.41167064526067315 0.5585269350618965 0.09582771046687384 0.06410913879807012
4 0.43809184818797525 0.8702417309219813 0.050985647326811726 0.044595479707460584
5 0.3764571271977576 0.9348576099808186 0.0677181210184525 0.037082988635914305
5 0.6209047632247667 0.08122191558013599 0.06092208944842135 0.027598894480112924
1 0.4626988791227218 0.192638882301953 0.03360072625188941 0.06770569724005648
1 0.4771624685005561 0.09200763676617989 0.05712923151356133 0.06967730032431155
1 0.4318969291791916 0.251536595370322 0.03526964206513981 0.04276024431795715
0 0.42981994773621734 0.39461443952612346 0.13092929451244933 0.23798301542127548
1 0.46359497923566123 0.3115252499967047 0.052335315700310935 0.09456820616851021
1 0.44869875035293577 0.3793030852240523 0.04564569994353036 0.06011138555165925
0 0.3384026613280374 0.8497325876596843 0.1330532366340588 0.22085006249917605
5 0.4334994136059375 0.47913944399035024 0.03628611049510884 0.033412517856907444
6 0.5766446559251912 0.7068667978853843 0.1729347839891055 0.23559440097293471
6 0.6252850952042035 0.5028202260507173 0.13592063140062188 0.1896818831160271
