5 0.5 0.8280438791777781 0.0625 0.03582970364722229
6 0.5296875 0.7177973634102088 0.1265625 0.23107077488562525
0 0.60234375 0.9001688798433684 0.1015625 0.19966224031326335
0 0.66875 0.7108778290252783 0.1046875 0.19774912860909738
1 0.71484375 0.6549194229651049 0.0296875 0.07881598423243048
0 0.7265625 0.5333171798989589 0.08125 0.16907861474138902
1 0.778125 0.4642048104079173 0.04375 0.12758079255305574
1 0.803125 0.4046304418668062 0.0734375 0.20014677678548623
0 0.80078125 0.3108258904800354 0.103125 0.21177526101791672
0 0.87734375 0.13526415244788267 0.0671875 0.14687630642076394
1 0.71875 0.29016659194305616 0.0328125 0.06326371941479163
