2 0.5640625 0.3953125 0.08203125 0.071875
2 0.55546875 0.471875 0.08984375 0.078125
2 0.55 0.559375 0.09140625 0.0578125
2 0.5828125 0.63046875 0.07890625 0.0703125
2 0.51640625 0.83046875 0.05390625 0.0765625
2 0.52890625 0.940625 0.05703125 0.04921875
2 0.4234375 0.6203125 0.03203125 0.0421875
0 0.4703125 0.40859375 0.08984375 0.15546875
0 0.4546875 0.71484375 0.08828125 0.14140625
0 0.4671875 0.5796875 0.07265625 0.0921875
0 0.4453125 0.89609375 0.09375 0.1703125
6 0.675 0.6125 0.121875 0.190625
6 0.665625 0.87734375 0.121875 0.171875
2 0.46953125 0.29375 0.07265625 0.053125
