6 0.6628892566438648 0.19118560534177917 0.17160446936663476 0.2512053798517324
6 0.6976967772517766 0.6253894797512161 0.20458060136854392 0.2664137176006804
6 0.7164536785487327 0.8852678997219983 0.1902999253659985 0.22946420055600356
6 0.5432136506604094 0.06508191841113782 0.21669769867918126 0.09971729092165811
0 0.5121838018778238 0.9107552392426358 0.1287624413589988 0.17848952151472836
0 0.4999394352323683 0.7615104851086936 0.11896927068745367 0.15721727767481414
5 0.5271490146005939 0.5053249724948218 0.07605451734563573 0.09324405771188111
1 0.4759608739656379 0.2698487747644073 0.0444954346753633 0.06559028366526398
1 0.6803525465468236 0.9069296564302384 0.04958292401336308 0.10012897477225664
1 0.6724416912396862 0.7136062423650877 0.03490225867281786 0.04651290145127884
1 0.6273790179821827 0.15321189018816947 0.049455654678545 0.08919147477225656
