0 0.65390625 0.678125 0.21171875 0.34921875
1 0.6671875 0.7953125 0.07265625 0.04375
1 0.66171875 0.559375 0.08046875 0.06875
1 0.7171875 0.68671875 0.06015625 0.1890625
0 0.1 0.6875 0.18203125 0.3609375
1 0.2078125 0.5625 0.0296875 0.06796875
0 0.17265625 0.4859375 0.07421875 0.11953125
1 0.20546875 0.503125 0.03125 0.059375
6 0.41171875 0.8390625 0.1484375 0.321875
3 0.46015625 0.81796875 0.05546875 0.134375
6 0.44609375 0.53515625 0.1234375 0.2890625
3 0.49140625 0.58203125 0.05078125 0.09140625
0 0.24921875 0.06328125 0.08515625 0.11640625
0 0.22421875 0.1984375 0.09375 0.1515625
0 0.20703125 0.3625 0.0953125 0.14921875
4 0.1640625 0.4984375 0.05078125 0.01640625
1 0.4640625 0.48515625 0.0234375 0.07109375
6 0.4890625 0.15546875 0.08984375 0.23203125
