5 0.3190526889143759 0.7988314891458662 0.05599702885594056 0.04036605042954129
0 0.12799117929572904 0.7963217220716958 0.15179071161023067 0.28245173111680744
0 0.19390632285764156 0.5322348886254679 0.1322222560752678 0.25803158525525055
0 0.2274578889222251 0.37237520974722405 0.13741569836338668 0.18344102103089915
0 0.21379963828925294 0.2502102826780025 0.20542165389834954 0.2103996687014785
0 0.2580084513586116 0.1265780308689802 0.13992065027015244 0.12118668249628843
1 0.3483234273119945 0.09053763229388971 0.04447917549789597 0.06783595318850329
6 0.3981846282072699 0.7563330506566839 0.17910223447572138 0.3946175384437538
1 0.4079341396400153 0.811392364881035 0.03672123920022674 0.06898901741285464
6 0.5192188029873757 0.3672595053155253 0.1789534123358701 0.3010313127540131
3 0.5674281244942548 0.3357738099289381 0.09704366950744614 0.14389384215265535
6 0.5831448606144387 0.12916910334750314 0.14268853012188493 0.2583382066950063
3 0.619737125042409 0.13031834803400752 0.06571925843752044 0.09546298620519007
1 0.5926810625212046 0.05033759893851868 0.0317063569862416 0.05936835594746528
1 0.3528819525397379 0.04177258367337071 0.0462599303072194 0.07416784034363305
