2 0.3599309239175197 0.2649244736535756 0.14062354195220053 0.16781602103089915
2 0.3403479240586941 0.41278876356766736 0.14834503669052862 0.16666295680654777
2 0.3326124768165869 0.5456012635676674 0.13567843671876342 0.13640224672063966
1 0.4042977610174539 0.539170879126071 0.03131018415851461 0.05616146879233561
2 0.3205535506211671 0.6719181021022781 0.13796897881213824 0.14898413387576942
1 0.26832465073410655 0.7882933746035152 0.03959312101845249 0.03790279172311397
2 0.32086582180902884 0.8145559814554917 0.12857856826055966 0.1749734237898611
0 0.18364654286983365 0.8159846053816384 0.12445105233436982 0.31806832654882305
0 0.20928066360593753 0.48349965400215744 0.15146857864272914 0.32727290818602894
0 0.24993356861349553 0.21605984848423346 0.11236130503579292 0.24422139077317437
