5 0.6173981001582846 0.07168327434643396 0.08632995658477541 0.06866027110331836
6 0.7063472207040332 0.579228767446575 0.15982494404836292 0.17926258035608367
6 0.6908539160060375 0.7444992114402207 0.15491012351524952 0.17136825973923261
6 0.6712868767474479 0.9289078216295008 0.12918269780928676 0.1421843567409983
0 0.4375567344275798 0.9198992400556012 0.11566576708875882 0.1602015198887976
0 0.4377289160060374 0.7400808981302657 0.11883623119538153 0.1660534683433749
2 0.514592663565262 0.29555537661991016 0.06073892319868044 0.047911394480112966
2 0.5149396560434145 0.36115310308095977 0.05806856426490725 0.06348184740221222
1 0.528205219516899 0.11932015908731423 0.04731292069139794 0.06954093262955988
0 0.47914221153283326 0.49952012783772615 0.10647262351524951 0.17052278003177204
