5 0.30703125 0.8277913820416799 0.053125 0.03655566534054522
0 0.11640625 0.8232295093491355 0.1296875 0.2733840506842718
0 0.17734375 0.559876081357408 0.1109375 0.2497283746817267
0 0.20859375 0.40086470802831686 0.1234375 0.17331132535009014
0 0.19296875 0.27880789469286243 0.190625 0.19440562269254427
0 0.23515625 0.15586129069858945 0.13125 0.10933973201781733
1 0.32421875 0.1209601267106798 0.0390625 0.06451703333863609
6 0.38515625 0.7872941987189522 0.1484375 0.38453972668681724
1 0.39609375 0.8413277180537702 0.03125 0.0659886266709087
6 0.5 0.39956802673454234 0.1546875 0.289299952020999
3 0.54765625 0.3680913074076784 0.0859375 0.13693747334499945
6 0.559375 0.14635266740926922 0.11875 0.2810692813494538
3 0.596875 0.16397651941435992 0.0578125 0.08973520934118148
1 0.56796875 0.08395266474376918 0.028125 0.058139764003818
1 0.32734375 0.0725589893777707 0.040625 0.07234771467218157
