6 0.6222793680776328 0.5897878580093364 0.20118288136536222 0.24171144154108043
2 0.6240424100890868 0.6741855900626478 0.0819954346753633 0.0664266335443795
4 0.6257952667488599 0.6234725362225817 0.030032945337363514 0.030551318025830908
5 0.6099515434038605 0.5371031272096662 0.26146585335772626 0.18723454169936496
4 0.6840981154121327 0.6001774402209323 0.023710220003181702 0.024119461599340218
4 0.6128861867440873 0.5879525733696003 0.11161020934118149 0.06104045157021041
4 0.5840975680696786 0.530102969450392 0.16004770934118148 0.062449838875513565
4 0.5791998880489977 0.3776682912371466 0.029905676002545435 0.01961381802583091
4 0.5899453893618624 0.22725075409012813 0.026871582670272433 0.027335389812585563
2 0.5729113360120903 0.10570236302390128 0.0735295013526354 0.14427884890464332
4 0.6525453866963623 0.23766306835503537 0.07867153469127146 0.18347774122451135
1 0.5319879860359529 0.2802333500917776 0.014353401336727068 0.025409176959604096
