5 0.503125 0.20390625 0.04609375 0.028125
2 0.3734375 0.8390625 0.0953125 0.08671875
4 0.36796875 0.709375 0.0203125 0.02265625
6 0.41953125 0.4125 0.1203125 0.2234375
4 0.45859375 0.46015625 0.04921875 0.046875
2 0.471875 0.30546875 0.09296875 0.084375
0 0.484375 0.8953125 0.07421875 0.1953125
0 0.5265625 0.6953125 0.07109375 0.171875
0 0.578125 0.50234375 0.07890625 0.209375
4 0.56953125 0.4515625 0.05234375 0.059375
4 0.59296875 0.26015625 0.05234375 0.034375
4 0.62109375 0.178125 0.06328125 0.03125
4 0.61640625 0.11875 0.08515625 0.0515625
1 0.53671875 0.06953125 0.03671875 0.0296875
0 0.62734375 0.29375 0.07578125 0.16953125
0 0.6671875 0.1203125 0.09375 0.1703125
