6 0.5891170968194407 0.274692016539826 0.326453438829558 0.5034718722069598
5 0.6541641995445131 0.1271856238595896 0.1364533990890262 0.1997902923897862
4 0.6558879014512788 0.06486756037735425 0.08052580290255769 0.07238873035529288
4 0.6500868239539499 0.1667746627347191 0.09293652286549073 0.1150856526050339
4 0.5103199742241025 0.27414189888098023 0.04780258293962447 0.02874573821317572
4 0.5998115493591787 0.3352485268789082 0.03837301923729371 0.02674659057054054
4 0.613623567415346 0.4404090618250963 0.06499008293962447 0.029546258891340216
4 0.6342733733131285 0.47334999441391956 0.04903770072563951 0.019443512820281582
4 0.5999281443645208 0.5396085411469318 0.04602182813030105 0.022422963606069858
4 0.587522435919151 0.876761784736791 0.03072421034428636 0.031070217535011223
2 0.5644346547009578 0.9848545550029254 0.048730165879249124 0.03029088999414924
2 0.5259748115097141 0.8341162123632155 0.05056548439090332 0.06319351282028159
2 0.5244271804768553 0.7451264869703215 0.06382937622353531 0.08565070967712848
2 0.5277034586998237 0.6602613353987449 0.0700793762235353 0.08594180810555194
2 0.5859871515360968 0.38608328080784965 0.06780754809323426 0.06555653349844599
1 0.6767659520764019 0.61806533498446 0.0254563569862416 0.05890411910658777
1 0.6709897003471212 0.8993688389134015 0.03107143992586625 0.08568494292790518
3 0.6924381144122718 0.9105075461093307 0.03717759618646852 0.12652826674922296
3 0.7001092267559911 0.7728084929661774 0.03761410580511537 0.13902826674922295
3 0.7053646672300115 0.6552763906088126 0.030907748818873593 0.08099744292790553
3 0.7064782447273404 0.5531509644301302 0.031235131032858732 0.09037244292790536
1 0.6360541612395616 0.7253662586819433 0.020004965153609788 0.036810795285270356
1 0.6379117832019278 0.5998761071103665 0.028472229581580067 0.055924668320799495
