6 0.728456642743451 0.6076694308923942 0.12062377204008908 0.30213789462538865
1 0.712377656747269 0.6348388756448399 0.031886346674090585 0.05650760523343692
1 0.6952179760900413 0.7033235651356137 0.03506589067472685 0.06137711575678075
6 0.6490167801161311 0.8720772102551125 0.14086354670590726 0.255845579489775
1 0.6802384134309045 0.7578822625188951 0.03323067067154532 0.037848610495108834
1 0.5370082234643121 0.9907061129141834 0.026871582670272433 0.018587774171633244
0 0.41345199745381267 0.901321970884337 0.10089198002863498 0.19735605823132615
0 0.4493969460932229 0.7124277364222973 0.09387836401972649 0.150681810438639
1 0.7346606420671332 0.5369852045699176 0.026944308004454243 0.034359589448421345
1 0.70163632001909 0.1813953572289884 0.03791817067154533 0.03812162628012437
