6 0.75078125 0.68984375 0.19921875 0.259375
5 0.728125 0.64609375 0.21875 0.15390625
0 0.65390625 0.87734375 0.115625 0.2453125
0 0.6140625 0.65390625 0.09296875 0.21171875
0 0.59921875 0.42890625 0.109375 0.21015625
0 0.56875 0.1921875 0.10625 0.2234375
1 0.8125 0.6984375 0.053125 0.0296875
4 0.61875 0.87890625 0.0359375 0.02578125
1 0.825 0.7609375 0.05 0.02265625
4 0.6875 0.67109375 0.05625 0.02890625
4 0.75625 0.63125 0.07578125 0.0484375
6 0.77421875 0.4546875 0.1125 0.27265625
1 0.784375 0.48671875 0.0390625 0.05234375
3 0.79375 0.434375 0.04296875 0.03671875
6 0.71484375 0.165625 0.1359375 0.31796875
6 0.8375 0.90234375 0.1 0.18984375
