3 0.4197488956850803 0.18046875 0.041897994985435005 0.04375
3 0.4113620826738143 0.25390625 0.04318771034569906 0.034375
3 0.43072115109535664 0.071875 0.04006271034569906 0.034375
6 0.43009404763836684 0.415625 0.11372283386094857 0.203125
3 0.4008097129194885 0.45546875 0.04681281551854859 0.0515625
3 0.391414329375109 0.53671875 0.035329746239076344 0.0328125
3 0.38545017122012337 0.71484375 0.0485571719450391 0.0578125
1 0.4150600810244617 0.3953125 0.0333413489046432 0.071875
1 0.4129914641731297 0.46640625 0.026500315518548413 0.0515625
6 0.4659312253893937 0.096875 0.09571697994174037 0.175
1 0.35331230648036244 0.96015625 0.03141513605166191 0.059375
