5 0.5087714942090317 0.21607515459900312 0.03263271753501122 0.030051126670908878
3 0.8156743116202085 0.1929621818905505 0.0674443651776464 0.03982611600890871
5 0.6293709003287222 0.43901212058404926 0.04237159057054054 0.03797271467218159
5 0.6449425121965998 0.7397751892505038 0.0845633986760923 0.10561474801081765
6 0.7107386784504849 0.574858166573868 0.11400264970954979 0.2012181493475449
1 0.7190263674494488 0.6185354412396862 0.04902400496239885 0.08021475867281787
0 0.4877593666208793 0.9229524106063209 0.11748721463952716 0.1419158746817267
0 0.493782426588458 0.7837444599379574 0.13616444003242129 0.14057155068427196
0 0.4751479348606257 0.6018313886060028 0.1445591368892682 0.15316245735199913
2 0.43787033519385704 0.10355752060791179 0.06301373035529281 0.0788158906747269
2 0.6113206437136938 0.017900189250503813 0.051601041356328814 0.03495680267345423
2 0.7592211819651414 0.7095235205681408 0.051601041356328994 0.034956802673454135
