1 0.5372343954487219 0.853067996189371 0.03671929734245403 0.06739657825883114
1 0.5109980647676318 0.7466725504440971 0.05975680800445442 0.033157933645025395
5 0.6402679414385406 0.7786725050681655 0.04736589600572696 0.042460210772388506
5 0.5200628874124509 0.5857986829576545 0.08510225334181776 0.06299087939029953
2 0.5414282627307243 0.4749929931643089 0.10241702267663584 0.07402837334017516
6 0.647100291454449 0.8958918213249442 0.10686926002545327 0.1881090540583344
6 0.6396492287555414 0.6583645502477055 0.09885676535645338 0.17087610226293642
0 0.4547764314528582 0.8830549571581512 0.12443856802990769 0.2210215480082102
0 0.4537208194223141 0.6580640475172308 0.12391130935708983 0.1757090480082102
0 0.4514936060629971 0.46665779751723085 0.11648061736154425 0.20847609621281205
2 0.4733862400540884 0.40116460772388535 0.04783861067790855 0.08308521077238851
