0 0.44001012905224685 0.879979571456093 0.0861398717519414 0.19544827886860788
0 0.47127594561190805 0.6998524556993123 0.07131371266133187 0.1508792315135615
0 0.4842184561652149 0.500459400451758 0.10965919236879244 0.20150085779368573
0 0.49578938149117413 0.3120948504658753 0.10634327759614007 0.1903813472703421
0 0.5161761992686513 0.10744296074922263 0.09485239853730273 0.21488592149844526
5 0.5428983863624381 0.14355768209237613 0.07200345941492117 0.1009702367752332
5 0.5483108149348082 0.02275714760916045 0.0841216298696164 0.0455142952183209
6 0.6149793068138381 0.5992014663638303 0.24408083116686258 0.3014238050357928
5 0.6236724683400795 0.5595929347937993 0.1799523271096728 0.11506209983059072
5 0.611491842527653 0.6682244821488459 0.18606595941492116 0.10761362087727804
5 0.6138391412271115 0.9371109900413537 0.05202615016215582 0.02956567363517095
3 0.7034241980475401 0.6034346690793708 0.0489284237011061 0.030946163111827296
4 0.5752446509696394 0.6077721005364625 0.10065456493480802 0.043324336746998426
