5 0.3422665827983062 0.8885433077707674 0.05054547077900686 0.03154089149054755
1 0.31125631615921473 0.9644972745932803 0.033276150162155814 0.026753397540672096
2 0.5322617061718055 0.43123428093799204 0.12583757142762994 0.13821813836728972
1 0.5309345799523418 0.14923939237431055 0.02102161201270878 0.04074317466803503
1 0.6379579216725112 0.059563293136436345 0.03664661201270878 0.04083407825883121
6 0.7982448108776183 0.14065369097169592 0.1308444456152033 0.246048819085449
3 0.8495675775167099 0.06458154948114815 0.04125229139585791 0.03617384933607006
6 0.6780105827950109 0.4053888775435876 0.11292056006354426 0.2037613251355733
6 0.5879138681050841 0.6441700972929667 0.0978955779204517 0.238045421544777
6 0.48972796388573847 0.8540950640172834 0.11130351298564349 0.20062723477649377
3 0.6578287220001181 0.48752921185254305 0.041197744317956975 0.033048849336070066
3 0.7666345263816193 0.25098265779420864 0.03966251785690744 0.03460225897699045
