0 0.5466378518697343 0.4131837177062755 0.10908644805083548 0.1631181444174139
2 0.5714742106360323 0.4224132719610017 0.060656856330665934 0.07378293364502539
0 0.48689683888409085 0.6135109706331418 0.1319160219140972 0.21793290944452864
2 0.5332281424548133 0.5101268953993726 0.054079573863261746 0.05499657220870695
2 0.5015048096630977 0.5821791574014252 0.05580571509696384 0.06438066256778648
0 0.40250465341515723 0.8835058289462022 0.13199784253094826 0.22262040944452863
2 0.39922569481101505 0.8475910548439014 0.05723184740221221 0.05657725292686635
0 0.6341220353100732 0.23456783831597616 0.07049550649282174 0.10039997579950315
5 0.6776991168872681 0.6022456968254284 0.09812958279171564 0.07243860226293623
2 0.7111772333609085 0.07163604625969432 0.07680005357072232 0.10356133723582166
