4 0.699923451650452 0.7431014927593594 0.038300087005972115 0.034811352005090515
6 0.5902750415062158 0.6965253900779509 0.1473530043684029 0.29069882001909003
5 0.592237585009202 0.7137310714114964 0.10229115824437507 0.09960110534690844
4 0.5602966007767713 0.6836799447405875 0.04444098423243048 0.0301965773392725
4 0.5642924633339589 0.6204623294079965 0.05377961664124999 0.028743165340545218
1 0.673538870344063 0.5490969540897231 0.02957970364722229 0.06282726400381797
0 0.4338471228126049 0.8884027127227702 0.1082528303564585 0.22151246801399935
0 0.4818988438429172 0.6710521280633153 0.10970622758291686 0.2168431493475449
0 0.5225010875746532 0.43565097740290587 0.1004403303564585 0.22142156134627217
0 0.5550732789696877 0.22436857940799654 0.10232883225631965 0.16833292401336308
0 0.6900250408406258 0.9218441107574502 0.067262848023889 0.1382454346753633
0 0.7464321628971186 0.5936832954328135 0.08299825721819457 0.21028406667727212
0 0.7838009570656947 0.3871429414385406 0.08401524335048638 0.18686474801081765
0 0.8220237364166321 0.18373667811104033 0.0733686840799308 0.19923747867599956
