5 0.47006322059995764 0.5107928503411923 0.16230110001590833 0.12374520060802237
1 0.6749721806572277 0.09706722585407432 0.03849997334499946 0.08746550790866539
1 0.6545227733131828 0.1751776384016444 0.04153406667727211 0.07978034190105414
1 0.6307392806333652 0.2711294669568257 0.03857269867918127 0.09371550790866542
0 0.5445332252148691 0.8828429693911026 0.11233855736790747 0.23431406121779474
0 0.6035195159134584 0.662393795512007 0.09484197469763486 0.231881352775469
0 0.6535666112746845 0.45886688889593596 0.09466016136218051 0.2162563527754692
0 0.6972909813017287 0.2613353142950874 0.09785788669636233 0.22263368676785786
0 0.287311618555096 0.8339717292769343 0.13159763470717997 0.30365819368794006
0 0.3448808599220491 0.5885438241437381 0.11831583736472577 0.23596135771838506
0 0.40839101861872945 0.36993308699531935 0.1169351507001803 0.25152269072219047
0 0.4758801526495917 0.1452315173373866 0.11053970003181668 0.238768022737413
