5 0.4921189851891373 0.6338602772232184 0.04843085594746519 0.031597509885831696
2 0.39022229251608354 0.6062207554743886 0.10046474672063965 0.1319450197716634
4 0.3674055902320914 0.6232981675276671 0.03700203301668683 0.021776840912470875
2 0.4097679098835096 0.48723067494204086 0.08986143939369332 0.10812551779449713
4 0.43040795850402863 0.48180834589256794 0.030670145861557075 0.01995967292769336
0 0.2848221415661439 0.5408583992388782 0.11022925033868428 0.2290110207602467
0 0.31386999095488843 0.2554939022046278 0.11431696404263718 0.33675985376405226
4 0.31365754975217275 0.40893723718559977 0.021213258706427318 0.01801517095052709
4 0.3889707310052658 0.5255291709877081 0.022857645861557075 0.01964133794672147
1 0.32753642752350676 0.8761220785923622 0.033126760515449584 0.06683467292769336
2 0.3491790541631869 0.9401905778323345 0.11551653663473135 0.11961884433533107
2 0.36490363071201004 0.8353670860067363 0.10400582654882315 0.11026102076024671
2 0.37922948157109265 0.7263422544858054 0.1138721494796016 0.12001802273741298
2 0.4197304873368438 0.3568892589344296 0.1011198439616777 0.14444501977166357
2 0.43969658582107735 0.09542517691920718 0.10786781094499087 0.12445085475263547
2 0.4337221455228728 0.2243632604173044 0.09364153663473136 0.12075285178688588
0 0.23318223993883563 0.9218988577183851 0.10868003844375371 0.1562022845632299
0 0.2526736256236274 0.7509363947902541 0.1174751843053107 0.18876802273741297
