4 0.615625 0.06796875 0.028125 0.0171875
4 0.6171875 0.0078125 0.03046875 0.01015625
4 0.590625 0.6625 0.02421875 0.021875
4 0.4703125 0.5421875 0.02890625 0.0203125
3 0.7015625 0.721875 0.03046875 0.08828125
2 0.4984375 0.90625 0.08671875 0.0765625
2 0.51328125 0.80234375 0.075 0.11328125
2 0.52578125 0.69453125 0.0765625 0.0875
2 0.5484375 0.596875 0.08359375 0.0953125
2 0.55703125 0.503125 0.07734375 0.0875
2 0.57265625 0.403125 0.06015625 0.08203125
2 0.58515625 0.3 0.059375 0.06953125
2 0.59453125 0.2453125 0.0703125 0.06171875
