3 0.7748793277920185 0.35546875 0.056066293532136414 0.0859375
3 0.7469534808896647 0.56796875 0.03773237336031983 0.0640625
3 0.7362892978275495 0.6328125 0.025075243102595124 0.03125
3 0.7274742198083883 0.703125 0.04595430913596861 0.071875
3 0.7088990394598065 0.840625 0.041348696291098365 0.0734375
0 0.48291971562451685 0.80703125 0.13505883197589003 0.2515625
0 0.5208480042954131 0.546875 0.1311902035271876 0.2671875
0 0.5647053883983252 0.25078125 0.10144074852966192 0.1765625
3 0.8106342848257091 0.06875 0.027872694482076098 0.025
6 0.7455658847802805 0.15390625 0.13793817051050078 0.246875
1 0.6828820940732193 0.79140625 0.030329309135968607 0.071875
