5 0.3548667271052534 0.41702821834667014 0.03693771034569897 0.03500229139585791
0 0.26040029090794226 0.04378518181878096 0.17607441818411554 0.08757036363756192
0 0.2960422742148948 0.05328686688397281 0.09854045157021041 0.10657373376794561
0 0.2475927508579298 0.1588765734595201 0.0815348079967011 0.11855117694751698
0 0.21174251590162463 0.2906856810080021 0.0835064849563052 0.13264095048646735
0 0.16656274505194207 0.42109592979018606 0.0934270542357774 0.15155459172016936
0 0.10659304849629665 0.5767516404229232 0.09429087226160834 0.18124209172016936
0 0.07926470421050683 0.8450613096598024 0.09152958511458979 0.19368754464226862
6 0.2847107221571955 0.8422560892878327 0.14762647241989288 0.2430796185055307
6 0.34923753807145536 0.637327081577195 0.11290447994174029 0.17688187418757337
1 0.5513518998417155 0.05128266721157965 0.04464256175762475 0.08511138555165917
