5 0.5520974951618511 0.47043178859192486 0.028109589448421346 0.027644838935304606
6 0.5483068242986905 0.6699688735728968 0.14975488922254243 0.26953786167271776
5 0.5259606584148528 0.5696041176413977 0.03766659997176518 0.03115184091247105
6 0.6178373452747906 0.592142303914964 0.12204014192396553 0.19514535672980174
1 0.6687598923474886 0.28254181083504626 0.060587431457091515 0.1302896778706093
1 0.6489493793344833 0.4344398918616855 0.058478899887060544 0.12085101087441483
5 0.48807716666029644 0.9376856141813565 0.0572356473268119 0.04597834486680341
5 0.4695477035625865 0.9888064679082278 0.08370714206513981 0.022387064183544324
0 0.4065464455994916 0.9152442925090764 0.12332962613895013 0.16951141498184724
0 0.6721861271271704 0.8825391522418089 0.10952473137238705 0.22113485376405215
0 0.6965168111445108 0.6799234882113641 0.11110264192396571 0.1946996877564411
0 0.4250821559251913 0.7150665148659285 0.14995231029746475 0.24616402866891213
0 0.46741168202178895 0.4857756042955249 0.12360264192396553 0.1952090237259961
0 0.48995235288494976 0.28700252326888565 0.1316881577089813 0.20021485870696817
0 0.7180942214843278 0.48424357368662757 0.09640310509226264 0.18318918479069152
0 0.744010521329036 0.3216308271466687 0.09825403142885669 0.16144151878308036
0 0.5214129974397512 0.09642394421941272 0.11029900512049765 0.15413835475263543
1 0.538479400098822 0.12609419817374543 0.033707142065139986 0.04346083992388783
5 0.5685687185005561 0.10695953760334168 0.11924979991529536 0.09371019072219058
4 0.7507896842996891 0.12456482615808548 0.04253611049510884 0.03446784190105419
