1 0.7237376003628198 0.02543194471659783 0.01935020072563951 0.017623911094166677
2 0.7333779843909033 0.0779575326725006 0.054598219962933216 0.04342399810013893
2 0.7657316713215447 0.19970589931375066 0.07803571996293321 0.043969511967847284
2 0.7262376401033515 0.32056260676069503 0.10848711179556503 0.06653549620027785
4 0.8174256684111378 0.5623338390932646 0.06359127404661713 0.03270470364722229
2 0.7065476773968126 0.4496864090973965 0.06312004809323427 0.06391833605604162
2 0.740320020588056 0.6120597757386464 0.04834821996293322 0.04327852773541672
4 0.832041239918017 0.53379126500507 0.047713302902557334 0.06980466014423606
0 0.8554712723173366 0.332937933033091 0.0679762176006804 0.20298083605604172
0 0.8722147950980095 0.1194391306963896 0.09130459019601886 0.20040134992375008
