5 0.3445137924813026 0.7228564419617554 0.08592263103285883 0.09050799756436803
1 0.31887638622070036 0.7630587021080252 0.09645833774894799 0.0344761858759707
1 0.5672171717000628 0.6806218977232286 0.04389882213985139 0.09445911201270896
1 0.5331472173462263 0.783215063713697 0.04277283175849824 0.10693183847375849
1 0.5050817263319011 0.8929485738599666 0.044444459163159956 0.1100841120127086
1 0.587804979411944 0.6059355434211574 0.05231152286549072 0.11178297970746058
1 0.6162152108076224 0.5087156700443629 0.0377579495445131 0.09747501785690744
4 0.4821973971901096 0.18274173092198126 0.0323958377489479 0.033357970779006776
0 0.5316269675158625 0.1327923238599666 0.0855803798517325 0.17014095048646735
4 0.4047172048171726 0.4315416952081662 0.03061508293962447 0.027080697240056396
