5 0.43608900340729484 0.8296961409997199 0.06468412628012424 0.03931856426490725
6 0.4775701190934883 0.7221253333987301 0.15105978398910552 0.2368133413827959
0 0.5291039850620305 0.9029504699126104 0.12469470506402765 0.19409906017477924
0 0.617595879616832 0.7230693709414601 0.1257111734939967 0.20331887978345584
1 0.6699998137753467 0.6698139903000746 0.03736276308359247 0.07907974623907635
0 0.695021471554915 0.5492430775262355 0.09898207352223168 0.17290395407749273
1 0.7536677004376404 0.4828655712580293 0.05746243145709151 0.12957985141192588
1 0.7851598951194989 0.4258714251772375 0.0945521787556686 0.20397209765100205
0 0.7937907134506458 0.3314311033904828 0.1265302208490434 0.21738137978345567
0 0.8897842948653849 0.1612753792547303 0.0836454998588259 0.1506197771178887
1 0.7130790397448875 0.3063879877927921 0.03966871572854593 0.0651081744523216
