0 0.36171335368821705 0.8984589498475002 0.15324226594251655 0.2030821003049997
4 0.31409804726578194 0.9021509135627086 0.0574650192218769 0.08404899810013902
0 0.44250068125309294 0.1237187486688198 0.13062363749381412 0.22932643692972232
0 0.41804183457788185 0.3366908741437851 0.1325269742194024 0.1763105397032639
4 0.33582804161157237 0.621845817723021 0.039786196291098364 0.07427395459715277
0 0.38675205450187117 0.709855617209931 0.14527263568479168 0.18128898043270852
1 0.6030321517429093 0.7023743447928478 0.06076708163720568 0.027944468464861316
1 0.6752523055179239 0.040747166981181124 0.05591580732694616 0.024710365691319493
6 0.6348442322484612 0.2744675503399311 0.16028456128367524 0.34862195079743075
1 0.6668832055633525 0.12581249800322974 0.07030585594746519 0.0312876740119445
1 0.643570779059958 0.316909623478195 0.07268058344622794 0.0766001740119445
1 0.6371426373822724 0.439565873478195 0.06355124491161739 0.08106946846486114
1 0.6560818244011165 0.18266191004732696 0.056891809135968606 0.07311149810013892
2 0.49910596958530495 0.6107842972057991 0.08271068068726599 0.08931837955902786
2 0.49127245816534426 0.700555312023438 0.07884205223856355 0.10483427678548622
1 0.5971252312324085 0.9494129989531602 0.0466226944820761 0.026054660144236054
6 0.6052264948000757 0.5858771758148963 0.11829405585660827 0.20250936379145834
