5 0.01796875 0.95 0.03515625 0.06015625
2 0.07421875 0.903125 0.1015625 0.15546875
1 0.09375 0.60859375 0.0953125 0.0625
6 0.13828125 0.1546875 0.1078125 0.246875
4 0.15234375 0.12265625 0.05078125 0.07734375
1 0.13984375 0.0515625 0.0234375 0.04140625
1 0.16640625 0.18984375 0.01640625 0.03515625
1 0.16015625 0.2484375 0.01484375 0.0453125
6 0.6375 0.11640625 0.0890625 0.18125
3 0.60859375 0.159375 0.02578125 0.05859375
1 0.54140625 0.5015625 0.0140625 0.025
6 0.46796875 0.86640625 0.09375 0.140625
5 0.46953125 0.8890625 0.0390625 0.0375
5 0.47734375 0.83046875 0.06328125 0.04921875
1 0.48203125 0.68125 0.01953125 0.05390625
