2 0.5545951654598579 0.935194694959707 0.043223836012090365 0.08930793969514958
6 0.626155609365044 0.23722080327276746 0.11488175469445334 0.20534200585373252
3 0.6677533107097252 0.3210509026088375 0.04589430267345414 0.050263620413308986
3 0.6718317360359529 0.26873442368607636 0.045876121339908774 0.048701120413308895
6 0.6342151993952699 0.4599088695295461 0.1260374306969986 0.22415563836728988
3 0.6688078280553611 0.4116759026088375 0.05521475867281787 0.04563066256778665
6 0.6597077374283593 0.7037906797362006 0.1088499306969986 0.22405564441741407
6 0.6684758521244033 0.9181925055591449 0.08944540268936266 0.16361498888171014
1 0.6652423114655848 0.9764410823545429 0.04901930267345413 0.0471178352909142
1 0.6681576787873581 0.892889541172519 0.04407726400381797 0.02837953005422946
1 0.6643770560948138 0.7022554508134394 0.044040901336727244 0.025254530054229285
3 0.6758032627307242 0.47577476404515606 0.02681703866963616 0.022029536104353653
4 0.5769657733927245 0.4408270714231401 0.04874658267027243 0.02684430113146803
