0 0.35137853003836267 0.8566739772835932 0.13402399269310408 0.2499465506842718
0 0.40168604180619016 0.6147313779440026 0.1289819366867496 0.22957950668363553
0 0.4705799123403157 0.3819456026018666 0.1057080779204517 0.23868178668045398
4 0.4341554427791249 0.45501093260663905 0.041497753246410876 0.0504727146721816
0 0.5091862650175336 0.1838802725970941 0.10560689204448082 0.14338746801399935
4 0.5652963486233235 0.45973370058882174 0.02998750892845372 0.017532945337363513
1 0.662095256496117 0.3734683892425496 0.03129663879807012 0.09253294533736342
1 0.6200735775200051 0.5434541725811858 0.030860262174864594 0.06753294533736351
1 0.6023445608809137 0.6194263265834129 0.034039809252765355 0.07069430800445442
6 0.5178217362068729 0.8078717559277759 0.14048427272487612 0.35156359468490805
1 0.5814223603944463 0.699341093252731 0.0247466298696164 0.0752727200031817
1 0.6814413202131092 0.294353053906777 0.027626168019063257 0.06124658267027261
