5 0.546875 0.98125 0.05390625 0.034375
5 0.47578125 0.7484375 0.04453125 0.03359375
2 0.59609375 0.48828125 0.06015625 0.0421875
2 0.565625 0.57421875 0.06640625 0.0671875
2 0.584375 0.29375 0.04140625 0.03203125
2 0.65234375 0.03828125 0.11875 0.0734375
2 0.6625 0.13984375 0.1 0.0875
2 0.646875 0.228125 0.1421875 0.08359375
1 0.67734375 0.92421875 0.05859375 0.121875
1 0.68203125 0.79609375 0.05234375 0.10078125
6 0.484375 0.1984375 0.0984375 0.20390625
6 0.48046875 0.41640625 0.07265625 0.128125
0 0.39921875 0.9046875 0.08203125 0.1546875
0 0.41484375 0.74609375 0.0984375 0.15
0 0.421875 0.5828125 0.10625 0.15
0 0.4328125 0.45546875 0.09375 0.12578125
