2 0.694471794865385 0.16377456478937896 0.10160727360693614 0.08519735376405228
2 0.7004858474115163 0.07396264828747616 0.060072220990217674 0.0679170118629981
2 0.6800691186699653 0.2900505633065042 0.0843287683452644 0.08293451680591399
2 0.6722804635212329 0.410331229808407 0.09324874203690499 0.07550401878308026
2 0.6838641636765247 0.5744719842570313 0.11999325256024881 0.07971135771838504
0 0.46813201883937444 0.4599625207974277 0.1989960260260105 0.3120728715585493
2 0.5117462399707665 0.5447486976794538 0.06337923151356133 0.0711693458553869
0 0.4448486243551601 0.7252691858164558 0.18461573663405878 0.225753369581383
2 0.42377028490673874 0.7510358483640258 0.07248121572854593 0.06686384783255317
2 0.4152058979620962 0.6426185119001792 0.049407736775233246 0.0721588428896375
0 0.4224444613845072 0.9103657915204935 0.1738756577089811 0.17926841695901316
4 0.48738952403045915 0.38478610726127443 0.10538472099021767 0.06976335475263547
4 0.5198156161803038 0.4330936146756482 0.07560621572854594 0.0669911818249421
4 0.47196267412928117 0.48831035528410816 0.11439569994353035 0.06389535672980173
0 0.5098160738045803 0.1476362757403436 0.18645125241907437 0.23050453657757747
