5 0.4314662855653606 0.2513683119430481 0.07980312406898663 0.10399770401018138
0 0.3228214172828331 0.8724995192950471 0.17875866252983136 0.25038290268936264
0 0.34626095553879 0.6205279392902747 0.15917390860088992 0.2657715453532717
5 0.4019266046291673 0.5737614799490933 0.10124147642635144 0.09487724267981754
5 0.4001929383752822 0.737933067950366 0.07031680810555194 0.06796929734245402
6 0.4600409733214703 0.747398427275639 0.1267595148871962 0.24040791868236297
0 0.3558028136871231 0.38904158195418387 0.13260710049533805 0.19831132535009016
0 0.363619505995856 0.1708637466184113 0.11782116252983128 0.24967383068109025
1 0.36843543858467925 0.19034954328454773 0.03645123035529281 0.07850680800445434
1 0.3731914050862332 0.12463363661682048 0.033142139784752264 0.04098862667090888
