3 0.5925496979000505 0.7138201814084486 0.10192957694917482 0.10171823295387146
0 0.3141419557045989 0.6785103782447632 0.1504067716843645 0.19313416558343127
5 0.34516626641170484 0.7173098254848197 0.10763393992586626 0.0862023271096728
5 0.3416469407284744 0.8624723210205929 0.1601984339354164 0.16051258035608348
1 0.2671503606992568 0.4731274030015296 0.05029266587924912 0.053970479707460585
1 0.2556250728576416 0.5455381911509765 0.07756449400955016 0.0747466298696164
6 0.3747470619730503 0.2899621213449044 0.1515873257680484 0.18222393912238158
4 0.46065233483854107 0.4023314821397973 0.052817465153609786 0.03683752678536116
0 0.2929663932682124 0.9217421810047067 0.1247321598887993 0.1286625624991764
0 0.33471980661557277 0.4852376651763942 0.14544645317271013 0.18523984496658025
2 0.6222247850160263 0.6245491757264057 0.0478224303072194 0.07266593262955982
2 0.6268353847458739 0.5106366801906326 0.0694990228654909 0.1120829886359143
