5 0.296244928871639 0.8064049717330116 0.14137402286549072 0.11814356965141819
4 0.26308768849028585 0.7956655455683013 0.04258929328391083 0.05837906603337366
1 0.43353659774611303 0.7828335956591583 0.028055567330527963 0.0888101944820761
4 0.4065152515596445 0.9090209594085398 0.07634922359113024 0.13189180913596843
0 0.46584564465822087 0.6392130704443877 0.09243555897782549 0.32457063206674713
1 0.4330678609929569 0.6846008135469827 0.02863592068857255 0.06076708163720568
1 0.4743600383049514 0.5740417718238687 0.029107146641955416 0.02959896879233561
0 0.5084523292266094 0.35702469018666283 0.09579368275429019 0.24208568068726616
1 0.47168645000784915 0.4049609011770823 0.03365080290255769 0.07038774310259513
1 0.48626979438021917 0.32231549751360916 0.030198420688572546 0.06084896879233552
0 0.5395659530878921 0.12174556733436945 0.10420638347992953 0.2434911346687389
1 0.5107589068087565 0.134655045229617 0.0344146947351895 0.09226274310259504
1 0.4905951958314979 0.2877767232033496 0.026964293283910833 0.05756019448207601
5 0.2519245654316114 0.26675265151576655 0.08644842068857254 0.06379690637700666
6 0.3787475041763512 0.10836083700850188 0.15969249164729754 0.21672167401700376
2 0.36132681416566703 0.5058826713034703 0.07115080290255768 0.0723530348257091
