2 0.5640625 0.677509996541439 0.1 0.07536707694917481
4 0.52109375 0.7666344947273405 0.040625 0.03891865626060227
2 0.52578125 0.876954435834333 0.1109375 0.1132490228654909
1 0.63125 0.4118874857416658 0.0296875 0.03541171034428618
1 0.66953125 0.5022867964487717 0.025 0.025873019237293703
4 0.65859375 0.5456548505324557 0.0234375 0.018005955534962936
4 0.62421875 0.5827356990811768 0.0203125 0.017896828130301044
4 0.659375 0.46286963238362117 0.034375 0.023075401451278843
2 0.6546875 0.34239344127662863 0.109375 0.06319445916315995
1 0.7296875 0.19188749898850968 0.025 0.030560519237293703
2 0.66015625 0.17774066423478657 0.115625 0.10247521397248334
3 0.7421875 0.4454490086071566 0.0578125 0.1457688569862416
