4 0.5401347968245493 0.9342558826773214 0.08473998233256949 0.08570437622353566
2 0.5294109298989589 0.7086656056354792 0.07314786569131951 0.05719743030721922
5 0.5571663750937156 0.3894691723330351 0.05552395459715278 0.037847229581579975
2 0.5426876074262852 0.47285459120750895 0.08557513050895835 0.05450893992586607
2 0.568724736985313 0.5501338538213807 0.09960126291777786 0.05343751324684387
2 0.6231673559076738 0.10099446017465023 0.06533536569131933 0.05692461179556507
1 0.565243793502986 0.0064124133897693735 0.030378484232430482 0.012824826779538747
6 0.4591464491819101 0.3772544037287135 0.10560060904180588 0.2441170769491748
2 0.5237778725282645 0.668204296742472 0.05901263050895835 0.0535813569862416
2 0.5140054418668062 0.7858283063611188 0.05897626291777787 0.052018856986241604
2 0.6635033748093753 0.18793889946754425 0.04160692496187508 0.04360615626060227
2 0.4409179003605903 0.09797613149619494 0.06686149810013901 0.05541667549789595
0 0.4033185957427783 0.598913638119617 0.09527874525034737 0.13603175843752044
2 0.3927447716545839 0.6149205840359329 0.050364982332569495 0.08450397477225664
5 0.4466497152338199 0.5457960726031874 0.06511716014423605 0.04754961179556503
5 0.46678168369868106 0.6045163081752173 0.05701371941479163 0.03477679328391083
2 0.5962730812094799 0.7931199619887488 0.05061955547083343 0.09544147477225647
0 0.378124452884723 0.8937821940173993 0.10672539152687506 0.15828870435383635
2 0.3736350150050701 0.8016765395708958 0.048075130508958355 0.05319941106992587
0 0.38224564237989644 0.7349156255057452 0.08917421561506948 0.1420635036281972
2 0.38755073821958397 0.7276934025475872 0.06380923328250007 0.05843254809323426
2 0.6926791156913195 0.03508056121285113 0.0783445119678472 0.07016112242570226
