5 0.400503616012689 0.7958829959084668 0.06323034034363317 0.045877984390903494
4 0.5132104924252265 0.43743806804831814 0.06355124491161739 0.08176092068857255
6 0.4519465230670641 0.2623264514434296 0.14336265490666858 0.265466287293461
4 0.4392174717330116 0.3409326010806099 0.050566566033373485 0.04231647477225646
1 0.43249716022219375 0.2600819051642939 0.049406857756487454 0.07970734736759474
0 0.2806647495497741 0.8871850637871489 0.119610894391219 0.1991319591631598
0 0.32876913613907693 0.6861508426430893 0.138108588873295 0.2247321598887993
0 0.37728295850402854 0.47730412149902995 0.13268410447712728 0.2105059687818068
2 0.6090043492772029 0.386778358337004 0.06329893939369349 0.1067063569862416
6 0.5025463936023088 0.9136805872007937 0.16928334577069998 0.17263882559841265
1 0.5982229002725712 0.5327629809323423 0.08524918249628843 0.13866568511654281
