0 0.65703125 0.8265625 0.11484375 0.34609375
3 0.6859375 0.8484375 0.0796875 0.115625
3 0.69921875 0.63125 0.04140625 0.05703125
1 0.675 0.93359375 0.053125 0.0515625
0 0.49921875 0.6484375 0.1078125 0.21796875
4 0.51640625 0.61015625 0.059375 0.040625
0 0.48125 0.87734375 0.1203125 0.2453125
0 0.521875 0.42421875 0.07421875 0.21015625
0 0.55 0.2015625 0.06953125 0.2078125
0 0.5703125 0.053125 0.07265625 0.0953125
0 0.6859375 0.11484375 0.06796875 0.20390625
0 0.6765625 0.35078125 0.09140625 0.2421875
0 0.034375 0.8296875 0.0453125 0.11875
0 0.065625 0.7171875 0.053125 0.11875
0 0.08359375 0.60234375 0.05 0.1390625
1 0.14375 0.3890625 0.0234375 0.09375
1 0.12890625 0.4390625 0.0171875 0.0375
0 0.16484375 0.27421875 0.05234375 0.11875
0 0.2265625 0.05390625 0.03671875 0.103125
0 0.1953125 0.1625 0.0453125 0.1046875
