1 0.60546875 0.31796875 0.03515625 0.12265625
6 0.51484375 0.65390625 0.09375 0.2921875
6 0.496875 0.88125 0.1015625 0.17734375
0 0.35859375 0.88828125 0.09140625 0.2234375
0 0.3921875 0.6359375 0.09296875 0.2515625
0 0.42265625 0.3828125 0.08671875 0.24140625
0 0.45390625 0.14140625 0.08046875 0.23125
0 0.68671875 0.11328125 0.05859375 0.20546875
0 0.66953125 0.328125 0.05859375 0.17890625
0 0.64453125 0.5359375 0.05703125 0.20234375
0 0.625 0.73046875 0.05859375 0.1640625
0 0.60390625 0.90703125 0.06015625 0.16953125
