0 0.2885254224546288 0.4156550583924125 0.15818929735218495 0.21369409012915472
4 0.24862816852568734 0.4300979916202228 0.07795383374611502 0.16610838479802065
0 0.33621182919349185 0.8812165592503423 0.17697783870851377 0.23756688149931549
4 0.2761604329985988 0.8202145262599588 0.03782963978475227 0.041670674452321775
4 0.2851074015670674 0.9453054544732042 0.03001713978475227 0.04144335391920819
0 0.3063637016098486 0.6478908968722146 0.16713195781510165 0.2716884465556454
0 0.2626199321745385 0.17772314937949701 0.16615165467194845 0.2841429824490228
6 0.4715754011572918 0.15805682172024765 0.17752580231458365 0.29383623119538155
1 0.47811649958571517 0.16448867814673837 0.0677397717116218 0.11431856426490725
1 0.5105694346557378 0.2247274961725693 0.07369436517764641 0.041153848904643374
6 0.519668414596746 0.45358828206594665 0.17436656906380676 0.32651233887551356
1 0.5261880882942289 0.4093070846523714 0.07940070967712849 0.06316524122451135
1 0.5611474392038518 0.45635558089144757 0.036412688998963993 0.04475021034569906
6 0.5525409964808341 0.8154671902874393 0.2099445041338292 0.3690656194251215
1 0.5762139369275403 0.813341366784825 0.07812930810555194 0.06936977711788864
1 0.5585982896991898 0.6528896000917775 0.0953211162111037 0.13696645407749272
3 0.5409697181541839 0.2911481180384662 0.04546235731976367 0.07154003087881237
