5 0.4564993507983027 0.10655977498762806 0.07824701680591399 0.08361808344622812
0 0.4477861729648745 0.4475599112382467 0.12106586958138302 0.17785276232447184
4 0.46640618037924825 0.48361691994467393 0.09035969764227278 0.15129690637700666
2 0.5753142426599883 0.7840064235627185 0.08009867688202607 0.05253185775648746
2 0.5838390084773191 0.8592930286056728 0.06504667984777565 0.06577548620519025
2 0.47618574558855675 0.39837546076327685 0.05159167490485981 0.04168288896415202
0 0.4698494457394685 0.9376648535726162 0.14179486364988403 0.12467029285476769
0 0.4626524165762649 0.8124036612382465 0.12929486364988402 0.1502190852552502
0 0.45592096102532675 0.6280696048158114 0.14759387749004843 0.21666295680654776
6 0.6739838474126237 0.8812892404448324 0.15231055239490826 0.23742151911033532
6 0.6548823844473117 0.6704595799397252 0.13072471247102052 0.22357469810012062
6 0.6328045242202878 0.14776238636216027 0.12960788144438115 0.23443031094499087
