6 0.33404991410480694 0.7746069119589565 0.19053474707143145 0.38328630935708985
1 0.3301489812912818 0.6980535026257291 0.05967738342154751 0.23808180267345413
4 0.3852542698460256 0.880311471952593 0.08012785178688597 0.08839088534372692
4 0.3918969061961416 0.7364160212842294 0.04836851581733077 0.07552725867281787
3 0.4868911408359213 0.26712003393541206 0.057106845855386903 0.06001134667409058
3 0.47586741060758475 0.3610427566040938 0.07690469269935693 0.12427384134309047
3 0.47496809688115105 0.4540660506047301 0.058605678859192524 0.058467028007635945
3 0.4664645301889679 0.5331086606063209 0.06711851581733086 0.0757454346753633
3 0.4436411369187697 0.6443643339433662 0.046042011862997965 0.056759077339272504
3 0.435953312317921 0.6858796719446388 0.044161176882026254 0.04892839600572714
3 0.43398624710861256 0.7718808066120479 0.04549818380210837 0.08174089600572695
3 0.4239055929639994 0.8314012572804115 0.04684050790866543 0.038027258672817865
