5 0.3566565178536122 0.5034845762313845 0.2158898271096728 0.11216272721932725
6 0.3286247954497523 0.6889508502780016 0.16047739853730275 0.24764387023308565
5 0.32518219561190814 0.7156497595338289 0.18592959172016937 0.0955010168750409
0 0.19943394764050298 0.8115029512737937 0.15211151947846532 0.3051289880191007
1 0.22444581006024888 0.6769543364830036 0.05997501785690744 0.03644842068857255
2 0.3473008831127319 0.5944915221477005 0.08743754464226869 0.08893850362819702
2 0.37871274999670473 0.46831840254758716 0.07579093262955983 0.04793155771188111
0 0.333614889608849 0.2134870588081894 0.11987967207625302 0.24778771397248328
5 0.3716234042193456 0.19652524810108346 0.07071369480442442 0.11490080290255764
0 0.2580826501588605 0.49910958947822853 0.11995358441327345 0.3414831502701524
