6 0.5718172886564242 0.7437326517809735 0.2560409393982642 0.47236311331561964
3 0.6783711874984032 0.4830241300693518 0.07042552203583341 0.20930653349844608
3 0.6609238886770836 0.2038460523190928 0.049311628609097366 0.10687073821317572
1 0.6027496723964239 0.2918041246926683 0.0399002610179167 0.10487159057054055
4 0.5787160264042365 0.4688953176205738 0.04578527868534721 0.022422963606069858
4 0.5510651115103478 0.557778035155585 0.02391027868534721 0.021404119106587773
4 0.5779724504161811 0.5377544795312326 0.04113414627652787 0.023767139784752266
4 0.614819140195695 0.5751431635677978 0.04513196846486114 0.061412688998963995
5 0.573310972736355 0.9423157009951852 0.24055357123840276 0.07519701488719618
5 0.6137690525241326 0.7652416246926684 0.17409603590354195 0.23754715756743253
4 0.6232700326725007 0.7030134524429273 0.08721167211208343 0.12580482878371627
4 0.6094458816463202 0.8147150858175388 0.09625936379145834 0.11217897642635144
1 0.6087665491056601 0.44950746278200954 0.032741071238402954 0.06551799214211726
1 0.608165830640799 0.3900960754784566 0.01653418977951393 0.03979024607105863
2 0.5336788961796186 0.6172450804408554 0.07325696846486114 0.06272263192686936
