1 0.7156659066158583 0.0029222686187294782 0.018831813231716586 0.0058445372374589565
2 0.7237692981064061 0.04861329256845906 0.05337043969514958 0.04280566534054512
2 0.7549380057555366 0.16857125656432287 0.07681703005422928 0.04464088534372683
2 0.7134640989432866 0.29171840257004994 0.10663179508134384 0.06686133068109026
4 0.8023549238824682 0.529762747891505 0.06268180718159258 0.03197725334181776
2 0.6923435987468949 0.42166044123968616 0.06287270472226432 0.06478975334181776
2 0.7245344509116353 0.5830155645687773 0.047129530054229284 0.04429544000636341
4 0.8178072070599554 0.4998934345560505 0.04727497579950324 0.06929544000636341
0 0.8431970507386847 0.29802185188577796 0.06524424668035031 0.2038704346753633
0 0.8630590570833965 0.09133024061109346 0.08861811416679295 0.18266048122218692
