1 0.5136429689827533 0.021458394076371113 0.04146406203449331 0.042916788152742226
6 0.6315451749403374 0.4923339557647684 0.3150346501193253 0.9846679115295368
1 0.5294284807695776 0.06335597321793407 0.04280823821317572 0.047584112012708825
4 0.5152353941279785 0.11668552476006162 0.0510573858558109 0.05709547970746054
4 0.5991630920182827 0.012950418833137444 0.05167381596343468 0.02590083766627489
4 0.6109117671635078 0.10720933888409087 0.07493584160399784 0.13401253571381497
4 0.6001304708447801 0.22136729627041704 0.08946922249741007 0.11084777110331831
4 0.6271359648489241 0.3957536416440344 0.1184718258882322 0.19722164772652376
1 0.5033774412752756 0.3042400718379623 0.04956766046291676 0.058630706168510204
1 0.5445289801504051 0.3089860730557783 0.04593323821317572 0.047638659090609534
4 0.5203594259737947 0.3921531290621327 0.08932367328319835 0.10772277110331832
4 0.6043619367271617 0.5327587638030129 0.06809933664159917 0.054270488635914306
5 0.6146637359413732 0.5294564857998358 0.11726458271265763 0.07074096834337489
4 0.6206525626581751 0.6355155710271834 0.08812504631872749 0.11550799756436803
4 0.6077629567861536 0.7614195519524599 0.10335194003242129 0.14075345941492098
4 0.6181995349506973 0.922824656254531 0.09608309553293921 0.11876936525911966
1 0.7140194189444813 0.6588655219206878 0.04375430810555194 0.06789661201270895
1 0.7107404851128039 0.22646212500494292 0.030890435070022627 0.059865923701106105
1 0.7131505475615819 0.3255581440796664 0.03169095574818712 0.0770534237011061
4 0.5055711023618741 0.9443059642894802 0.05218323821317572 0.047747753246410694
4 0.5041841925181298 0.7562019922926575 0.05225601282028158 0.049310253246410876
