6 0.3737207210259252 0.768118612414155 0.2073873366466464 0.46376277517168984
1 0.3820650070320829 0.6813507480600147 0.05119992739850954 0.20828734387822045
4 0.4325912060970064 0.8615767589344296 0.06781473477649361 0.11055018083635879
3 0.480829239078102 0.7635186023183586 0.0600022347764936 0.11023184585538673
3 0.49953885334309084 0.636907022774594 0.05843973477649378 0.11016817885919253
3 0.5307711935057787 0.5068985292003847 0.05201701795398091 0.08022601087441501
3 0.5335876421779189 0.4257440296946763 0.056677246876741985 0.07572951186299796
3 0.5482001089022357 0.3317857826604258 0.06317268657189175 0.11817167984777566
3 0.5644159822424109 0.23085995262236972 0.05199883723582168 0.07710101087441493
4 0.4444513775435876 0.7034286779077903 0.06133747579950324 0.07123301285158128
0 0.1742019891762978 0.8158836210642578 0.08288626463433121 0.28456068380210836
0 0.20776496468121342 0.5539075444862428 0.0794612827847038 0.23287084980971962
0 0.23323818423420067 0.3392693829272559 0.07302038524403187 0.19980368182494201
