6 0.6914061657608024 0.578557306386422 0.18423996042459265 0.242940869581383
6 0.6689214133859532 0.7296595499606313 0.16056344301173803 0.2076745316346617
4 0.5595851141996073 0.9193202747517603 0.0668400192218769 0.08535917984777583
0 0.37226217661493627 0.8555575692008223 0.1353310696514182 0.14272069368794008
0 0.3460072930778511 0.9495967292769343 0.13451884215265536 0.09747186068413427
2 0.5162291033454735 0.6275492688202613 0.11733134215265544 0.09677152372599629
2 0.598859060379164 0.3448097060824108 0.07711577792830404 0.10292868182494201
2 0.4754625039567289 0.34056126338305387 0.06092421189493056 0.06173067885919252
0 0.4207451057203227 0.4716401670333754 0.11419969810012062 0.12626802273741297
6 0.6478220985957751 0.9231005548663662 0.16854636137453233 0.15379889026726765
