4 0.5042822670222519 0.6050018447546471 0.062392351411925874 0.05319359905006031
4 0.3770869326990849 0.7243394222079814 0.031704641066226814 0.017262743102595124
2 0.4412320007249158 0.7507104924252265 0.09412573620994653 0.12506195499752568
4 0.4656469790173035 0.7830759350982802 0.01943196159934022 0.024420145861557073
4 0.5089109648980454 0.28004611035847937 0.03211381802583091 0.03132524310259503
2 0.49546457884638356 0.22128526402195253 0.0793358105039836 0.09932497060135788
4 0.49043008636823104 0.15582403833221203 0.038045569279472245 0.02071529172311406
1 0.4661671869222269 0.3707020878572422 0.032295674452321774 0.03757524310259504
2 0.4193833959477778 0.8872178804848673 0.08484166442319178 0.12769563206674733
2 0.4326944235278848 0.6455283474681807 0.08857441818411545 0.09512879353213641
2 0.4564836130239012 0.5488237658309749 0.07492109514371954 0.10845430913596861
2 0.47593464350700226 0.4374801520815934 0.07598348997087019 0.09134869629109836
2 0.5237019244523217 0.023204047377323584 0.07552884890464337 0.04640809475464717
2 0.5044949348771629 0.07449547320334965 0.10338106426490726 0.06782266508343386
