1 0.6875 0.225 0.04453125 0.02890625
6 0.57890625 0.2015625 0.1078125 0.171875
1 0.46484375 0.76171875 0.021875 0.021875
0 0.53203125 0.84140625 0.08359375 0.1140625
0 0.59921875 0.653125 0.06953125 0.14296875
2 0.53671875 0.6296875 0.025 0.03359375
0 0.6671875 0.51015625 0.07578125 0.125
4 0.67265625 0.5546875 0.0421875 0.0515625
1 0.65859375 0.46640625 0.03359375 0.0421875
0 0.72734375 0.3328125 0.06953125 0.19296875
0 0.79375 0.14609375 0.07578125 0.14140625
0 0.86875 0.075 0.08984375 0.11171875
2 0.625 0.3578125 0.05546875 0.10390625
