3 0.50390625 0.79609375 0.03828125 0.0390625
3 0.59765625 0.33515625 0.04140625 0.02890625
3 0.6328125 0.14140625 0.04609375 0.05390625
1 0.63359375 0.2859375 0.0265625 0.04375
1 0.60625 0.38359375 0.021875 0.05703125
1 0.5921875 0.45390625 0.03515625 0.0609375
1 0.57265625 0.52578125 0.03125 0.0546875
1 0.5609375 0.60234375 0.0234375 0.04921875
3 0.5265625 0.684375 0.021875 0.02578125
5 0.68828125 0.69140625 0.19765625 0.12265625
1 0.678125 0.63125 0.0296875 0.0328125
4 0.49296875 0.86875 0.0140625 0.0234375
6 0.68125 0.17578125 0.16484375 0.34609375
