6 0.41015625 0.7703125 0.1515625 0.4484375
1 0.40703125 0.678125 0.025 0.20546875
4 0.4796875 0.8484375 0.05546875 0.10234375
3 0.51484375 0.74375 0.04765625 0.103125
3 0.5171875 0.61484375 0.04609375 0.10234375
3 0.53125 0.48125 0.04296875 0.0734375
3 0.52421875 0.4 0.04765625 0.06796875
3 0.5265625 0.3046875 0.04921875 0.1109375
3 0.5296875 0.20234375 0.04296875 0.0703125
4 0.47109375 0.68984375 0.05390625 0.06328125
0 0.21875 0.8453125 0.04765625 0.278125
0 0.21875 0.58046875 0.05078125 0.22578125
0 0.21640625 0.36328125 0.04921875 0.1921875
