5 0.3052126420510715 0.8072925992782469 0.1410534683433748 0.1197288626613009
4 0.27185071713214937 0.7953801896964263 0.04316934740221221 0.05796900889724874
1 0.4421768539016246 0.7876592371112376 0.028117091720169362 0.0901448389353046
4 0.41499497078559744 0.913677909050348 0.07723643019392785 0.13118101581733085
0 0.47433260917663034 0.6450433141835442 0.09155584902377001 0.3253766847906915
1 0.44155133685549597 0.6893172376055293 0.02918866801906326 0.06208350593149916
1 0.48327696104306944 0.5798812292025722 0.028615923701106105 0.029271005931499162
0 0.5174958226487412 0.36379597277678166 0.09479785145940198 0.24275518577927474
1 0.4807673900191814 0.4105728136892527 0.034012535713814886 0.07008700692008211
1 0.4946992508140742 0.32803222771969753 0.030751168019063257 0.06214717292769345
0 0.5482857211860439 0.12534423885984874 0.1044728603878557 0.2506884777196975
1 0.5198334387186397 0.14042213977297605 0.035956865259119654 0.09202567391627663
1 0.4992055186709816 0.29349806022921154 0.02754434740221221 0.05733233893530461
5 0.2607975836057898 0.26573911064695344 0.08700116801906325 0.06443918479069151
6 0.38704425811767484 0.10929013387865805 0.16028648376465035 0.2185802677573161
2 0.36976961445163614 0.50799825342286 0.06997730925276535 0.07311384783255334
