6 0.64375 0.65078125 0.1875 0.4078125
5 0.5765625 0.5828125 0.0578125 0.040625
2 0.475 0.8921875 0.059375 0.11484375
2 0.4875 0.79609375 0.05703125 0.06640625
2 0.51484375 0.6171875 0.05546875 0.06015625
2 0.534375 0.5046875 0.08203125 0.05546875
0 0.375 0.86484375 0.0765625 0.23984375
0 0.40546875 0.61328125 0.06796875 0.2515625
0 0.41796875 0.39140625 0.0765625 0.1796875
0 0.46015625 0.13984375 0.07265625 0.275
4 0.665625 0.58046875 0.0578125 0.06796875
6 0.60078125 0.91953125 0.1921875 0.16015625
1 0.67265625 0.96015625 0.06328125 0.03046875
3 0.7109375 0.73671875 0.0546875 0.134375
3 0.7234375 0.51640625 0.06484375 0.10390625
3 0.71953125 0.628125 0.0453125 0.1109375
5 0.575 0.44921875 0.19453125 0.06171875
5 0.590625 0.3890625 0.25078125 0.0546875
