4 0.6638343528007211 0.9893498880727023 0.03310340133672707 0.0213002238545954
6 0.46395998010817685 0.7995202944921689 0.10797832137172544 0.28342155405833436
3 0.4576821607654045 0.7299572282353901 0.04247840133672724 0.025245439695149585
3 0.40897358278958523 0.9077867915653026 0.02687158267027261 0.026717036104353296
3 0.4901759400859051 0.6356214209556018 0.03791817067154533 0.03615566861791066
3 0.5936607353596351 0.1971907009116353 0.05864884134309047 0.07221134328594588
6 0.6461948420194081 0.14671852312034234 0.10725106802990769 0.22092155405833439
6 0.5961419400461342 0.34328899609117514 0.10161813868554467 0.13964428298109546
6 0.5468066534054512 0.5343952642415477 0.10388971069381689 0.20059087334017517
2 0.733106685391452 0.4323611073311019 0.07565452800763595 0.056686337235821685
