2 0.6679004811952078 0.6759372220876345 0.09509560087368066 0.06217897642635144
2 0.6963924231589231 0.4912154656774936 0.0752195119678472 0.0799829065339754
2 0.68795710163618 0.7530433775881524 0.02896145459715278 0.037247442927905536
2 0.6691740000969093 0.5876923593911874 0.058685322188333444 0.040192660462916766
1 0.7644865000969092 0.5832531083577301 0.043060322188333444 0.03946491439185813
0 0.5970295092149649 0.4349719278358215 0.11471972948277784 0.16766699710451577
2 0.5823481069545134 0.49574676199622125 0.08906380642076392 0.07126287799792799
2 0.5977932286297566 0.4021594278358215 0.07514677678548623 0.0768579065339754
4 0.7856062724170831 0.17880104880443617 0.06518989532659739 0.051421258891340124
4 0.8216912024129513 0.07020514475166022 0.04778418977951375 0.04124573821317572
4 0.8568299218277431 0.03579160339533136 0.04138871941479181 0.034704639784752286
0 0.6622986718277429 0.05231472818593438 0.08706620174736131 0.10462945637186875
0 0.6113862159963193 0.2540301428896334 0.09106402393569457 0.157200377997928
0 0.5590534644777078 0.6248178318885974 0.09378898043270852 0.14015842721213972
0 0.527472236894791 0.8416800002093969 0.1027652433504862 0.1905223002476692
6 0.7731133516361799 0.7490771615008832 0.13684930262104178 0.17962334160399784
6 0.8387429241088536 0.5111190891273077 0.13049019984750032 0.17464474317557438
