1 0.6115502315910929 0.3269201992653561 0.04109166442319179 0.1240920649348082
6 0.5362142286215921 0.6629337913925626 0.10698475204506401 0.2954682329538715
6 0.5295480061351922 0.8900457163114845 0.10991587226160834 0.1815148271096728
0 0.3907128266683056 0.8918307642034595 0.10176840314042072 0.21633847159308103
0 0.4130806055020539 0.6443865685849609 0.10424018527287426 0.2548159594149212
0 0.43149667022917954 0.39171158197764144 0.0976719365265156 0.24376936525911966
0 0.4517934837026639 0.1500013689092724 0.09114915188677948 0.23428527110331837
0 0.682892719516899 0.1220202394433979 0.068501262074194 0.20734094155801358
0 0.6758627841775177 0.33663216436232 0.06616587226160817 0.18075116801906327
0 0.6608384924116456 0.5448577215864904 0.06684783386094857 0.20418866801906327
0 0.6500925236861693 0.7391025994275118 0.06575669530200408 0.16668866801906326
0 0.6372839497878438 0.9152154914752881 0.06745558762187223 0.16956901704942381
