5 0.684375 0.540625 0.0203125 0.03125
5 0.66796875 0.60234375 0.03125 0.0234375
1 0.73359375 0.21015625 0.0203125 0.03046875
6 0.73203125 0.65078125 0.05703125 0.3140625
1 0.74296875 0.56484375 0.0171875 0.0390625
1 0.7390625 0.52265625 0.03359375 0.0375
6 0.70703125 0.90234375 0.06796875 0.1828125
1 0.69921875 0.915625 0.021875 0.06484375
1 0.7171875 0.85078125 0.03203125 0.06484375
1 0.70546875 0.978125 0.040625 0.02890625
6 0.74609375 0.3625 0.05703125 0.21640625
6 0.76171875 0.121875 0.03828125 0.1671875
