0 0.531421050457066 0.44600530806535515 0.08758139081820956 0.13641019867214013
2 0.5160486075291606 0.47421212129707174 0.05720037799792799 0.08780907220870696
2 0.5607489855270886 0.38647577196100164 0.06345037799792799 0.08784543364502548
2 0.6539852551717957 0.46403716969806535 0.046442660462916764 0.058067030054229286
6 0.736174862905844 0.5440059499486865 0.11440075599585597 0.1756181444174139
6 0.7082745330886705 0.7238070794371816 0.10229886228216234 0.1505545119038567
0 0.4703314232877075 0.8353177929400447 0.09412248924663302 0.14269656010845858
0 0.5106461699779385 0.5734354164766116 0.08968754631872748 0.11455337939029935
2 0.7073009236974831 0.04040422697785355 0.061849336641599174 0.05347043364502548
2 0.6836536002904502 0.19596842574818957 0.07093323821317572 0.04727497579950315
2 0.7069048556671337 0.266907639643836 0.03924659057054072 0.037718168617910844
