5 0.5412426913614465 0.9737876572645032 0.08110615626060227 0.04155224801081765
5 0.5934152826537736 0.7668467665897764 0.04495040145127884 0.034884077339272325
5 0.7735045097034648 0.32863659989659566 0.03875496515360979 0.03637385200509069
2 0.7002579495445131 0.08876612523873162 0.06106647477225664 0.04912839067472689
2 0.6816046971822604 0.24842293590868603 0.13534227767481416 0.11871473201781732
2 0.6175720013507624 0.5633581399188674 0.13539684137714508 0.12027723201781733
2 0.5912674508952754 0.6605785852562308 0.10436509618646853 0.12616360534690846
2 0.5677505945420059 0.7257223272597306 0.11722719473518968 0.09195223734881744
2 0.5351514040679856 0.8441183385980487 0.16384922359113024 0.1299794960216353
2 0.5241345477147161 0.909116629933185 0.12222222958157988 0.056087462682999245
