2 0.7173493668839728 0.13337250409767734 0.05725912094116268 0.058467028007636035
4 0.7313260921272065 0.09368329543281359 0.0362920560063543 0.020730670671545236
4 0.6703907719173925 0.27191683609163214 0.041061376623205345 0.025472714672181596
6 0.49166833929112796 0.7927613066915897 0.2838718084386912 0.41447738661682043
4 0.5782991347441755 0.57872027207986 0.02373750892845372 0.017460220003181703
2 0.4595183125057668 0.8477055347310426 0.1063511858759707 0.09653064934754454
4 0.4757160568237239 0.8150748480664969 0.028479556006354302 0.02063976400381797
1 0.5384188340161222 0.9384856234086328 0.04080800649282175 0.10045453333863605
1 0.3339125661592147 0.9704879593809522 0.07864319724005639 0.03059656667727211
4 0.46783755276653416 0.9949147000318167 0.033085235389503254 0.010170599936366643
2 0.4527791631543899 0.7413555373965426 0.09538641233702042 0.09484088001272664
2 0.505473515020829 0.6771117714035422 0.07312958279171564 0.07271134134309047
1 0.6228558839333967 0.7120782120862232 0.034039809252765355 0.07069430800445424
3 0.572558054795129 0.90762652207986 0.040889827109672795 0.10514203333863606
3 0.6157604042259361 0.7604429867520415 0.03204093262955983 0.04567612667090888
3 0.7738606452941872 0.29812589477240425 0.03425799756436802 0.08319430800445433
3 0.7424276388013654 0.39778044943504076 0.03883640340856651 0.07699885200509068
3 0.7167633912369974 0.48031113876508635 0.03414890340856651 0.07694430800445425
3 0.6911946010589555 0.557373078095132 0.032777318181219074 0.08786362667090888
3 0.6646809196472117 0.6438009267584048 0.034012535713814886 0.06913180800445425
1 0.651917866887268 0.6139588854232686 0.034203450486467266 0.08006930800445425
1 0.6579065884770537 0.44993274809035955 0.036782979707460584 0.04885567067154532
1 0.6359809955390684 0.497343550087496 0.03206820616851012 0.047238626670908876
1 0.6951219906678044 0.332373078095132 0.027571620941162677 0.058121582670272606
4 0.7220447751638034 0.2225077294318591 0.0441045560063543 0.020821577339272413
4 0.7195061562512357 0.18887761676476822 0.0645806972400564 0.030432934675363253
