4 0.36875 0.39765625 0.06171875 0.03671875
4 0.32109375 0.27578125 0.06171875 0.0515625
6 0.3703125 0.8078125 0.1078125 0.1953125
6 0.35390625 0.95703125 0.09375 0.0859375
6 0.39296875 0.63203125 0.08515625 0.1375
0 0.20703125 0.64609375 0.1234375 0.19609375
6 0.2265625 0.8203125 0.0984375 0.16171875
0 0.2078125 0.93984375 0.07578125 0.1203125
0 0.22890625 0.46171875 0.08515625 0.1421875
2 0.24453125 0.3328125 0.05703125 0.0796875
4 0.296875 0.6375 0.03515625 0.01640625
0 0.2453125 0.23671875 0.06484375 0.084375
