2 0.45841792825010624 0.7758358799365505 0.0735145827126578 0.07120536660488845
2 0.5148413643535861 0.6228671365599724 0.08550946856846871 0.12778274881887358
1 0.6912006189017001 0.39818213900704313 0.054473484284234173 0.06430060217691817
6 0.5745501964470713 0.8025844076113646 0.1576798751024439 0.20362105172143147
6 0.5992334809789746 0.642247108337004 0.14314218610347992 0.15943454210278443
2 0.5540601838316774 0.4528646606065895 0.04080909057054054 0.03886409255827132
0 0.326801901161801 0.8127133426430895 0.13191358767505648 0.15280259618646852
0 0.37492914785203213 0.552249557796699 0.11930657981717356 0.1835615228654907
0 0.40629908002657056 0.3827555133316619 0.13100605913900906 0.16681053248413757
6 0.5446528730400384 0.9459127338427493 0.1293322431755744 0.10817453231450144
