6 0.407470671904868 0.6838458290122919 0.14004538669636232 0.22435269566510652
6 0.37388437054427837 0.8859004189361798 0.149165848026726 0.2028596976422726
0 0.22443835387496028 0.911511867072744 0.11902381468808994 0.16258752471457924
0 0.26011386656591373 0.7312367766545647 0.12265789202736235 0.206464858706968
0 0.2922013025939124 0.5237771037268713 0.10848630402608972 0.1965168557412186
0 0.3258694199554566 0.3146912638029834 0.10539766669318062 0.19951452174882983
0 0.36097276798218264 0.11647925688290117 0.08779199602163539 0.16287668479069156
0 0.6311676366565914 0.06209018722496842 0.07516472668681722 0.12418037444993683
0 0.6032228079646835 0.2354534554765761 0.08236015603118041 0.23293451680591398
0 0.5724342426002758 0.4655057114080751 0.09329765603118041 0.23338018577927463
0 0.5329792019016864 0.7021581358186433 0.09787606802990786 0.22419618676785796
0 0.5104031258752785 0.8975170567691706 0.0815783586887262 0.16574701680591417
