4 0.4915557411820311 0.6710322010098312 0.06125176051544958 0.06596134328594587
6 0.5656240049768411 0.7339821737842722 0.24349320895425458 0.41379083098930564
3 0.6270052402775199 0.6960463574292977 0.16270579715018094 0.1837033551898024
4 0.5866591220055828 0.8396054598886258 0.055656857756487634 0.07842498184962743
3 0.590811033470972 0.8349406857863247 0.08599945499752551 0.09109769867214013
4 0.6077229737691765 0.7060935231203423 0.10211577792830404 0.10056360226293641
4 0.6399456535519314 0.6429804447633153 0.07202548620519007 0.06289997579950324
1 0.5097380958863009 0.890736167832344 0.07087242198083885 0.07070338544042372
1 0.531239038898039 0.6892373003459012 0.04538774310259512 0.031504530054229284
4 0.5999181970840679 0.5567838695295462 0.056325243102595124 0.03156816256778665
4 0.7083912748760864 0.20183781517662416 0.03280585594746519 0.02986930718159231
