6 0.5581587330373714 0.8473879087364514 0.13974633197589004 0.25303518801718106
1 0.5547161504956545 0.7965975680696786 0.040768842152655436 0.09260567067154532
0 0.3574184266149363 0.8458328573758618 0.17165142921692808 0.2658988146880901
0 0.422390572137809 0.6404646520528157 0.14624863749381412 0.2281260946849084
4 0.5248760057657511 0.3761941614019514 0.040864017412854635 0.03482953333863605
2 0.5883686177061103 0.35116743674408735 0.03707727611928178 0.05196248933799978
0 0.4741533887370094 0.48100838339431534 0.12076395861557021 0.1887908746817267
0 0.5670314490046318 0.15260266740926925 0.10546650723608923 0.19485906134627212
1 0.6065309560135784 0.7722157334102236 0.047094085255250384 0.12391021467218159
6 0.6072602170948549 0.637150390077951 0.12519250904511167 0.2434965560152719
1 0.6405673620519007 0.632072538749178 0.035098696291098366 0.07380112667090888
1 0.6228719289897855 0.6966708407463146 0.03863313206674697 0.08164998933799979
