3 0.5296875 0.06875 0.04921875 0.05546875
1 0.50546875 0.315625 0.03203125 0.0640625
1 0.49453125 0.37734375 0.0296875 0.0625
1 0.4578125 0.61875 0.03515625 0.06328125
1 0.4765625 0.4703125 0.028125 0.0671875
1 0.43984375 0.68515625 0.01875 0.06875
2 0.6484375 0.62421875 0.0984375 0.0953125
2 0.671875 0.51328125 0.06015625 0.09375
2 0.63046875 0.36640625 0.05703125 0.0203125
2 0.7625 0.11328125 0.08046875 0.12734375
0 0.865625 0.1328125 0.1015625 0.265625
0 0.8109375 0.34921875 0.08515625 0.2125
