6 0.8668878965120032 0.3457010215037649 0.17363196347211093 0.2826330422066367
6 0.7164831530081202 0.7244418559203336 0.19364445454365722 0.2658000982129913
2 0.7306019744357501 0.5871464074624612 0.09947389448011279 0.06109323295387128
0 0.44574395901447456 0.6993973969124496 0.193235351459402 0.2423625982129911
1 0.39984903206695754 0.7767451010523649 0.03848184740221221 0.0569045649348082
0 0.3711182857204055 0.8993978023529063 0.1988035129856435 0.20120439529418732
1 0.3706779549572848 0.880955314120734 0.035302300324311545 0.05372501785690744
0 0.5303446501654511 0.46408323416839214 0.16066831330995512 0.25585235389503397
1 0.5303367418856204 0.3749934606294418 0.06776024431795716 0.0339852621748646
1 0.49557022971075587 0.4415945795420095 0.08193183847375848 0.04048072402541756
2 0.7720099987854793 0.45345324593621966 0.0716216298696164 0.07622730925276536
2 0.7110104488682049 0.6798015117645322 0.05229888555165925 0.043087526785361166
