3 0.27890625 0.69765625 0.090625 0.109375
3 0.24765625 0.8703125 0.06953125 0.11875
3 0.27421875 0.4609375 0.0578125 0.09140625
3 0.303125 0.15546875 0.07421875 0.0765625
4 0.34296875 0.03046875 0.07421875 0.0609375
6 0.41328125 0.74375 0.26171875 0.49375
5 0.40703125 0.9421875 0.18984375 0.115625
5 0.41328125 0.7828125 0.178125 0.1265625
5 0.4609375 0.56875 0.16640625 0.13828125
6 0.47890625 0.2640625 0.2734375 0.515625
1 0.40625 0.18046875 0.04375 0.0765625
5 0.49765625 0.146875 0.18515625 0.09765625
1 0.46953125 0.36328125 0.19921875 0.1875
