4 0.597142751238345 0.4754794408161647 0.05189213978475227 0.04207985141192587
1 0.6349252334556648 0.34608144583072964 0.025911836641599174 0.05380696159934022
1 0.7462093740689866 0.08155228140753781 0.020496590570540717 0.038045569279472155
1 0.7670441048385642 0.010849954143999828 0.0168621683207995 0.021699908287999656
1 0.7576348715877872 0.04132208650124501 0.016789393713693812 0.025454641066226812
2 0.6887864799410081 0.2091748277257564 0.047568512820281586 0.049755959092057725
2 0.6616289745643247 0.2811551278048987 0.06719180810555195 0.06905152837152997
2 0.6098931542576638 0.4133060497499379 0.03187073821317572 0.04773881802583091
4 0.5892596306840152 0.5077834754559009 0.0674443651776464 0.04097199247815268
4 0.47424040632457826 0.6081364796125358 0.02587329528527036 0.01947742570596276
4 0.47493391914485994 0.6566194437191586 0.07107878742738745 0.052000420691397944
