3 0.6708698819653193 0.3698511595448253 0.10002936305535766 0.1127257293077851
6 0.4212606639588733 0.8175394663059447 0.13006401550266702 0.3074583751693421
1 0.3680607982726799 0.9285898309598373 0.046282736775233244 0.07252345318850359
1 0.416732787678749 0.8551622970386393 0.0495897472985769 0.07581222749876275
1 0.4474815297156541 0.7818952154014335 0.049953768345264396 0.08206222749876275
6 0.5216610243128079 0.6315809548859839 0.11410581555913665 0.24742827792830405
1 0.49861836646265234 0.6795204879026707 0.04977175782192056 0.07893722749876275
1 0.5395534505788149 0.5784592769122513 0.04370376834526439 0.08173467887824373
0 0.10841975873955381 0.8798878165992005 0.13997109456891893 0.18335913387576924
0 0.20891882963094943 0.7056071116016749 0.12947321032569964 0.21707903663473135
0 0.2953098978915091 0.532844641000317 0.11818709983059072 0.183775213703953
0 0.3450662451618512 0.42742680065668387 0.10662797355046641 0.14578389077317447
0 0.409468921357271 0.297875419494448 0.11111805247554418 0.16938516508343388
