4 0.5544433275453712 0.38778762124457594 0.06984592721213971 0.09291667549789598
6 0.4666521133201288 0.6817856471052914 0.1651543507002259 0.5985516058051153
1 0.4846166710113959 0.4635440785936373 0.02707623035529281 0.07894345553496293
1 0.5104706956185018 0.4610812775051782 0.024203787427387446 0.05076389183263199
2 0.553403058314949 0.4603620256910796 0.04546235731976367 0.07178571996293322
4 0.5167870080672798 0.5599180815888621 0.09048806699689216 0.13419643992586608
4 0.475239401161801 0.7821031056354794 0.1011045434232436 0.2281646947351897
1 0.4446893761404104 0.6341938844914198 0.04154114474715094 0.12156746515360979
1 0.4620202713018461 0.6640078700634495 0.02652826674922295 0.0336855192372937
4 0.42684678887963867 0.9335490437472469 0.08071065260503385 0.09173612141421188
1 0.5789210967757936 0.3143947612631094 0.022350188998963995 0.04445932813030114
0 0.24443670327149686 0.897800060622288 0.0949957845319033 0.16399306733052796
0 0.31319962758815245 0.6941641399337154 0.09703347353086737 0.20774306733052797
0 0.3611962876367844 0.4842335792266095 0.09125435442427943 0.1841418762235353
