0 0.31796875 0.4265625 0.08984375 0.1421875
0 0.30625 0.58515625 0.1 0.153125
6 0.5453125 0.321875 0.19296875 0.19453125
4 0.465625 0.35546875 0.06328125 0.06171875
2 0.484375 0.1765625 0.08671875 0.0625
0 0.30390625 0.27109375 0.07109375 0.16171875
2 0.33125 0.26875 0.06640625 0.09921875
5 0.38828125 0.06640625 0.03203125 0.0203125
2 0.4109375 0.6 0.109375 0.07734375
2 0.4640625 0.49921875 0.05390625 0.065625
2 0.41953125 0.4171875 0.06796875 0.04375
1 0.44140625 0.85 0.03125 0.028125
6 0.53203125 0.88203125 0.1421875 0.2296875
1 0.4921875 0.94140625 0.03359375 0.02890625
0 0.303125 0.721875 0.08515625 0.1
