2 0.7799032987262065 0.21667141311622382 0.09971231252120454 0.08519735376405232
2 0.7963516995445131 0.12918600056865367 0.058541675497895795 0.0679170118629981
2 0.7505927993591787 0.33795882269804434 0.08247024881887377 0.08293451680591399
2 0.7296850770339928 0.45412765075893413 0.0915724303072194 0.07550401878308026
2 0.7221330157787327 0.6176489812912818 0.11824405771188111 0.07971135771838504
0 0.521609682206136 0.4604718567669829 0.19188992195451676 0.31207287155854946
2 0.555270408792491 0.5531196131927735 0.061775802902557686 0.0711693458553869
0 0.4681399749418926 0.7165189269192073 0.1795139183263199 0.225753369581383
2 0.4439038667745246 0.7373752549800969 0.07098711179556502 0.06686384783255335
2 0.44870543946253 0.6291316734591661 0.04776786660488845 0.07215884288963732
0 0.422452996626257 0.9020220743722934 0.16932046279135698 0.1959558512554132
4 0.549595783750082 0.3906196131927735 0.10385417549789597 0.06976335475263547
4 0.5764782314804965 0.4455445351318838 0.07411211179556502 0.0669911818249421
4 0.5218378606992568 0.4893462732688857 0.11301092068857255 0.06389535672980173
0 0.5993601376562807 0.16250654205196596 0.1812401094333124 0.23050453657757747
