5 0.5414090478347409 0.9349414609137835 0.10806185079830274 0.08707818874502422
0 0.4601391431958362 0.8813163952101835 0.07989704152049341 0.1998036818249421
1 0.43576122570535014 0.8862094836511965 0.02499468281352506 0.07745383794672164
1 0.4752295854009015 0.7598088097349199 0.03373301285158128 0.062210839923887915
1 0.45618115505883416 0.825321063194961 0.022604511862997965 0.05707767095052709
0 0.5145759282905388 0.7129683018262545 0.08662720258518863 0.1735595168059138
1 0.49080284726389956 0.7030176402672677 0.030480678859192523 0.058958505931499164
0 0.5381937949061724 0.5544554648681161 0.09711903361182798 0.16306768577927463
1 0.6232385928524563 0.32402386555268825 0.02840884288963732 0.046394838935304696
1 0.5953244984799442 0.37741812098989574 0.037911176882026255 0.04990184091247105
5 0.7249880711408074 0.03672676059008808 0.07856535178688588 0.07345352118017616
