2 0.41171875 0.87109375 0.1078125 0.23828125
2 0.428125 0.715625 0.10859375 0.08046875
4 0.41328125 0.64375 0.053125 0.0359375
2 0.45390625 0.6171875 0.09609375 0.12265625
2 0.47890625 0.49609375 0.10859375 0.121875
2 0.48984375 0.36640625 0.090625 0.1234375
2 0.51171875 0.228125 0.096875 0.09921875
2 0.5296875 0.12265625 0.07734375 0.103125
2 0.54140625 0.03515625 0.0890625 0.06875
0 0.27578125 0.9171875 0.07890625 0.165625
0 0.31484375 0.7328125 0.08125 0.1578125
0 0.35703125 0.54296875 0.059375 0.16328125
0 0.38828125 0.3390625 0.05703125 0.20078125
0 0.4171875 0.12421875 0.0703125 0.21015625
