4 0.478125 0.92890625 0.0671875 0.0640625
6 0.5171875 0.5109375 0.13671875 0.9515625
4 0.4921875 0.821875 0.06796875 0.0640625
4 0.490625 0.7484375 0.06953125 0.04921875
1 0.46796875 0.6796875 0.021875 0.06953125
4 0.50859375 0.68359375 0.05234375 0.075
4 0.5078125 0.60546875 0.0625 0.0640625
4 0.49609375 0.49140625 0.103125 0.10546875
4 0.52421875 0.3921875 0.07890625 0.0953125
4 0.5453125 0.2390625 0.0625 0.09921875
4 0.559375 0.1234375 0.06484375 0.12734375
4 0.5625 0.0296875 0.04609375 0.059375
0 0.3203125 0.8984375 0.07421875 0.178125
0 0.32578125 0.70625 0.059375 0.190625
0 0.3421875 0.4984375 0.05703125 0.18515625
