2 0.2701002909465533 0.7415834713431535 0.08020123035529289 0.08258425782192055
2 0.19548978102175582 0.904871697595043 0.08107452564056317 0.10133425782192056
2 0.32439614681857487 0.6129810582313262 0.09848034946188075 0.10702281570031094
2 0.36275663358400845 0.5086806951053815 0.08122007485477489 0.10445925782192056
2 0.39170357899311326 0.439210358287796 0.08274403349844599 0.0702662683452644
2 0.46057135711487585 0.29885139782092196 0.08169095574818712 0.08111276308359247
0 0.49646827750259004 0.08016231100333644 0.07765842721213971 0.09490224729857691
0 0.4454622415229446 0.188315716222656 0.07547949710451593 0.11503273677523325
0 0.3940752158823814 0.2879208740728115 0.06359592721213972 0.09408319994353027
0 0.35509829900932394 0.3719997424604281 0.07133565260503386 0.0929757262518894
0 0.31414150517179573 0.4484026187405524 0.07951202564056317 0.10124325256024883
0 0.26342656762057376 0.5503060239598719 0.09815501778268025 0.13349431043863902
0 0.20838584905210517 0.6781726897025353 0.10142556699689198 0.13680132096198286
6 0.3711191354460353 0.7138841345961552 0.1679281703877143 0.22637903142885668
