1 0.515625 0.859375 0.025 0.0328125
1 0.54140625 0.53203125 0.0125 0.028125
1 0.58203125 0.7828125 0.01875 0.021875
1 0.4640625 0.7296875 0.0234375 0.04921875
1 0.51328125 0.62578125 0.0203125 0.0671875
2 0.6234375 0.6578125 0.03671875 0.05234375
2 0.590625 0.51796875 0.08203125 0.0609375
4 0.5796875 0.509375 0.05078125 0.0234375
2 0.64296875 0.3984375 0.06015625 0.05234375
2 0.60859375 0.275 0.04453125 0.06015625
4 0.696875 0.54296875 0.03515625 0.06328125
0 0.728125 0.41640625 0.08671875 0.2140625
4 0.71640625 0.42109375 0.04609375 0.07578125
5 0.69375 0.35546875 0.04453125 0.0359375
0 0.76015625 0.159375 0.05390625 0.240625
1 0.6953125 0.60390625 0.0265625 0.040625
