6 0.3657564500860208 0.7217981659640671 0.3067911111986346 0.39953873084752445
4 0.3537979667251123 0.6455531244942548 0.06825116801906325 0.06328373920022692
4 0.3303547382354678 0.7346329826616229 0.04473184740221221 0.05777778366526398
4 0.27871437175853203 0.78207841233587 0.07921594155801355 0.06522818511654264
2 0.3295968076345028 0.6884846689592921 0.07587275324641088 0.05261905771188111
4 0.2803569180256538 0.9119023215916972 0.03481137662320553 0.026200401451278665
5 0.40792063068698575 0.7693924177781657 0.07362050649282174 0.10250993030721922
4 0.39659161851212116 0.836225253713015 0.027135244317957153 0.03374008293962447
2 0.38460408726253303 0.895999557796699 0.043632997564368024 0.08428571996293321
3 0.4042444314183344 0.8904316040758349 0.03538412094116268 0.05901290145127902
2 0.36063870739291676 0.9691245279913001 0.041715941558013545 0.06175094401739969
2 0.4405518985438933 0.7361359736759482 0.052871629869616396 0.07680060217691817
2 0.4709991034945874 0.648864152169069 0.04247960064862326 0.10766865626060226
5 0.30676109984113953 0.5188343678708328 0.1360114123370204 0.09844247840045348
1 0.2570553802799487 0.5897991430985764 0.028888659090609538 0.04473214664195542
