5 0.6286251074262851 0.45906082372374807 0.10265483415618064 0.11930327792830404
1 0.5528880635420494 0.8682111736783196 0.049528527735416716 0.049413501809022264
1 0.6195631512136117 0.6746415581199158 0.0505104526972918 0.09160100180902227
4 0.48794228998760436 0.2959134497976013 0.06021145459715278 0.03904921189493056
5 0.5051057272985764 0.005399071687583088 0.05083645459715278 0.010798143375166176
1 0.5839580791221876 0.03141547744299198 0.047312717514930644 0.06283095488598396
6 0.4249143067051044 0.2428979924252265 0.10051306553881964 0.22843261646291485
0 0.417614872243924 0.46699058966626444 0.09960387575930571 0.18937011646291496
0 0.425578068291702 0.7419087025111348 0.13990418028020865 0.31164790818602894
5 0.5316799850854519 0.5955516016520521 0.1147184230620141 0.10120837516934209
