6 0.3109375 0.80703125 0.134375 0.353125
0 0.18125 0.884375 0.06015625 0.21796875
0 0.21171875 0.653125 0.04921875 0.240625
1 0.21796875 0.65859375 0.01875 0.0453125
1 0.21015625 0.7296875 0.021875 0.05546875
0 0.23828125 0.4125 0.05390625 0.23359375
3 0.5828125 0.05546875 0.04453125 0.11015625
4 0.50078125 0.29453125 0.04765625 0.17734375
3 0.55546875 0.27421875 0.03359375 0.0953125
3 0.54453125 0.403125 0.03671875 0.13984375
4 0.44921875 0.72734375 0.03984375 0.09140625
3 0.50625 0.7359375 0.03125 0.0828125
4 0.45859375 0.6140625 0.04921875 0.07109375
4 0.42890625 0.928125 0.03984375 0.07578125
3 0.5140625 0.56328125 0.07109375 0.165625
