2 0.570318306612048 0.3889604764455551 0.08998974801081765 0.08176045269729179
2 0.5522490119350939 0.46514176994854123 0.09789315467854501 0.0897547906531944
2 0.5371865385900945 0.5514065782691662 0.09765679734245403 0.06944229065319459
2 0.5613229252466858 0.6250434468102772 0.08684656667727211 0.08012521751493065
2 0.47236787122059615 0.8192493481207983 0.061882929344363194 0.08266833605604162
2 0.47185824653886954 0.930168664325208 0.06313634667409058 0.05614220364722229
2 0.40381950791695836 0.6021540735195134 0.036464758672817864 0.04614895459715278
0 0.4749603532781844 0.39508514950756907 0.10815904002227157 0.16653549620027785
0 0.4245672652371407 0.6985199272429858 0.10487040802036277 0.1524002610179167
0 0.4526751785885036 0.5650891781929163 0.08241360534690845 0.10189111474138901
0 0.3935701618794146 0.8788802276798261 0.1130283533577261 0.1822695989738193
6 0.6551638319144131 0.6150488913394438 0.14297039202736245 0.20483558320625014
6 0.6146093678787783 0.8784217135277773 0.14120789735836253 0.18761171561506948
2 0.4880154312937746 0.27996864257371484 0.07883407200827222 0.06275587955902787
