5 0.67266841056655 0.7493912629823483 0.2066147213558171 0.16919783360249455
6 0.7538451378899141 0.824260623777241 0.16306581070972542 0.3199694009729349
4 0.7126474258832326 0.8727702617645322 0.056759077339272324 0.04473184740221221
6 0.728474609922049 0.587050950076135 0.1166624306969986 0.22542846834337488
1 0.7208257419239581 0.5728520823813833 0.05715906667727229 0.07910684740221222
1 0.762284893897232 0.7704907414719927 0.06342724801081764 0.08077844155801354
1 0.7691428738860961 0.8526583591667446 0.06026588534372692 0.07759889448011278
1 0.7931429005410966 0.93903223578995 0.05993862133990877 0.04947389448011279
1 0.6901944546069573 0.4519804748329014 0.06337270401018139 0.07609094155801373
6 0.6752972552912292 0.32200660267392267 0.11827947469763486 0.23014324188232518
1 0.6847717052832751 0.3807776306770999 0.052289753341817756 0.06340002678536116
1 0.6651051899665925 0.25775318790127033 0.045912484006999675 0.052353432629559826
6 0.6348466199872733 0.10485033035278837 0.10530676002545328 0.18930005357072247
1 0.6328119526575459 0.07824692004436287 0.05076361600890866 0.06649775324641087
4 0.6757399612508219 0.6197310365212986 0.033321577339272504 0.04432274431795715
