6 0.6171875 0.496875 0.25703125 0.35
1 0.67421875 0.3421875 0.03125 0.0625
1 0.721875 0.353125 0.025 0.04453125
1 0.49140625 0.65 0.05078125 0.02265625
4 0.621875 0.65859375 0.05859375 0.0265625
4 0.57109375 0.76328125 0.025 0.02421875
2 0.58125 0.47890625 0.109375 0.1375
4 0.6046875 0.478125 0.028125 0.01640625
2 0.53203125 0.6046875 0.05859375 0.053125
2 0.59296875 0.3625 0.05859375 0.06171875
2 0.67265625 0.2375 0.06171875 0.02109375
1 0.70390625 0.13125 0.034375 0.08046875
1 0.684375 0.58203125 0.01875 0.084375
3 0.7125 0.471875 0.0265625 0.0546875
3 0.7234375 0.4078125 0.0234375 0.03125
3 0.7046875 0.57421875 0.0234375 0.1078125
3 0.6859375 0.7328125 0.021875 0.10078125
3 0.66875 0.8859375 0.02578125 0.084375
3 0.65078125 0.96640625 0.0265625 0.0671875
