3 0.7575524452079959 0.4918998999338869 0.05490767589344294 0.04653416327441153
2 0.5451903439525826 0.8138479002725711 0.11609452669174569 0.1323764880142125
5 0.54597425254582 0.7754438195398765 0.060775673916276675 0.03748671189493056
1 0.481056201176676 0.9307321850982803 0.02815417490485981 0.04045458163720568
2 0.7094797707602467 0.07318137494422917 0.11606003460041095 0.14636274988845835
2 0.6458615756266128 0.32551133932758025 0.12125687056996633 0.18254026232447185
2 0.6135331897707885 0.4736113246282592 0.10496602570316256 0.12711577792830403
2 0.5950471280215212 0.5771424383776406 0.11966519566510633 0.14347776232447185
2 0.5827619867284892 0.6983556970840679 0.08615235870696818 0.12457063206674715
1 0.5188241621276406 0.7432012075995175 0.0284725098858317 0.04826708163720568
