1 0.3916045459890142 0.5356587025111348 0.054108489970870186 0.09020227611928178
1 0.38684650132014825 0.45790219470921867 0.04079013605166191 0.06142217887824373
1 0.38213730311515015 0.7537912268213942 0.05002874373179385 0.057226001809022264
1 0.378097009304214 0.839029363976524 0.0570516335443795 0.08411605042954129
6 0.6270740669052037 0.8610836691557637 0.10237615690134447 0.19413950361804452
0 0.4240089028777233 0.8428636929001965 0.13480822367353404 0.23640224672063964
0 0.44503577137840794 0.6295857649264637 0.13541597743445788 0.20367163387576923
0 0.44578123211981835 0.4431126763918529 0.14066576708875883 0.16962418249628844
5 0.4976525868304494 0.10808922320334964 0.08494931301126592 0.07777751922187681
1 0.41333507429403704 0.012338468453651264 0.04180706677218975 0.024676936907302528
