1 0.242765157157657 0.6155059157944311 0.03739299214211709 0.03250496515360979
2 0.26289560484307345 0.9033952961943177 0.08892556699689198 0.1341418762235353
2 0.2922449646440364 0.7923933088081894 0.0841267510334573 0.09809524881887377
2 0.2991371275881525 0.6946552132546931 0.10436647642635144 0.09724207694917482
2 0.324015157157657 0.6126686032732266 0.10563787799792798 0.09104664065150558
2 0.3451688732449263 0.5269121525475872 0.09535534946188076 0.10472719473518968
1 0.3373927605484792 0.5264037210592415 0.023476041356328813 0.03513889183263199
2 0.38870701158193655 0.4294543099893158 0.07714900496239867 0.08225199400955016
2 0.4002888285788286 0.2980133370311578 0.07068068114108109 0.07734623920022683
2 0.4703638498761655 0.041579831673680186 0.07489730024766902 0.08315966334736037
