5 0.6072922660090733 0.633671401416269 0.053352258976990544 0.03968066534054522
2 0.6060888351927182 0.5719344700827234 0.09099770472226432 0.06511701734563573
5 0.6375706393492484 0.5324543467536323 0.04074317466803503 0.020785214672181595
2 0.5808246938985622 0.7513401594127691 0.07074883723582168 0.07581816000954511
2 0.5817917753788471 0.8537020907463144 0.052044289031219645 0.08341248400699967
1 0.4423429351179634 0.9184902020607698 0.037618174668035034 0.020748852005090867
6 0.7400946338882994 0.9055474961011771 0.14319652985783762 0.17509200135263542
6 0.7497292300029156 0.7267412434356771 0.16197380093507635 0.17999767735518085
6 0.756920082167656 0.5650952187698589 0.122684041958086 0.14048064401654478
0 0.49622645922026437 0.9198328840308623 0.09471357806243948 0.16033423193827545
0 0.4886826456939602 0.7424549607335879 0.11039312021691713 0.17627269334818116
0 0.4967592869881162 0.5628492767345423 0.11338176483072289 0.15287155601527208
2 0.5199518681738138 0.47092540607095124 0.0724931444174139 0.10708634134309047
2 0.5003529613615637 0.3480327987348605 0.06287270472226432 0.06478975334181776
