2 0.49296875 0.75703125 0.03828125 0.0734375
2 0.384375 0.8171875 0.04921875 0.0328125
0 0.3421875 0.4109375 0.1125 0.19453125
0 0.32421875 0.61796875 0.1265625 0.19609375
0 0.30234375 0.89609375 0.1046875 0.196875
5 0.34140625 0.6640625 0.08359375 0.046875
6 0.48203125 0.6390625 0.134375 0.1671875
6 0.484375 0.88515625 0.1234375 0.190625
6 0.57109375 0.3421875 0.08671875 0.2703125
2 0.55625 0.46796875 0.05390625 0.03203125
2 0.60625 0.1265625 0.05234375 0.05625
2 0.5875 0.25546875 0.08203125 0.03828125
2 0.578125 0.39609375 0.07890625 0.05
4 0.6453125 0.48515625 0.05859375 0.03984375
2 0.3046875 0.2484375 0.04453125 0.078125
