4 0.48359375 0.63046875 0.059375 0.0484375
4 0.3515625 0.740625 0.03125 0.015625
2 0.4140625 0.77109375 0.08828125 0.11875
4 0.43671875 0.80546875 0.01875 0.02265625
4 0.503125 0.30625 0.03046875 0.02890625
2 0.49296875 0.246875 0.07421875 0.09453125
4 0.490625 0.18125 0.03671875 0.01875
1 0.45625 0.39375 0.03046875 0.03515625
2 0.3859375 0.90625 0.0796875 0.12265625
2 0.41015625 0.665625 0.084375 0.0890625
2 0.43828125 0.57109375 0.06953125 0.103125
2 0.46328125 0.4609375 0.071875 0.0859375
2 0.53046875 0.03671875 0.071875 0.0703125
2 0.50859375 0.10078125 0.10078125 0.0609375
