2 0.3087626412715029 0.44815886417270806 0.06373633068109026 0.10770470364722229
2 0.3066723352562308 0.5606770479682984 0.07336586935072642 0.12979790919430556
2 0.2987951059039135 0.7006662683330205 0.07503745735199914 0.13920927678548622
2 0.29334344255255074 0.833569687310972 0.07312951201463562 0.10948540919430556
2 0.28969972720405146 0.9453429886977428 0.06204656134627218 0.09673083605604163
0 0.18468769991250406 0.6400580362847915 0.08443173337045282 0.27532861474138903
1 0.19146441124286778 0.661769382124479 0.03168635200509069 0.038227351823611144
0 0.19652681795036592 0.36095176453329847 0.06998742536599849 0.24218880642076393
1 0.19868930195736562 0.30935289694211787 0.0475658906747269 0.06046602773541672
0 0.20390515531509176 0.12959266175975676 0.06675333736472577 0.23274107123840282
1 0.20634835530713755 0.18811367657739567 0.044586341343090474 0.07289329255305561
1 0.18404335725654897 0.5611881538759721 0.05025453866963625 0.023038762917777865
0 0.1793173052196416 0.8330995214671526 0.09077264003818009 0.28328658510611116
