6 0.5609375 0.809375 0.109375 0.375
1 0.55 0.871875 0.03203125 0.065625
1 0.52265625 0.94453125 0.0296875 0.06328125
1 0.56328125 0.8078125 0.025 0.0609375
1 0.60625 0.64453125 0.03359375 0.04609375
6 0.64921875 0.50546875 0.07265625 0.21953125
1 0.63125 0.565625 0.03125 0.06015625
1 0.64296875 0.50703125 0.0265625 0.06171875
1 0.65625 0.4625 0.03515625 0.0421875
6 0.7125 0.27890625 0.09375 0.22578125
3 0.7140625 0.3625 0.06015625 0.0875
3 0.72734375 0.28671875 0.06328125 0.06171875
1 0.78125 0.02734375 0.0234375 0.0390625
0 0.265625 0.90703125 0.1265625 0.1859375
0 0.3234375 0.72421875 0.1375 0.18671875
0 0.37265625 0.54609375 0.09375 0.19375
0 0.40625 0.3875 0.1078125 0.1828125
