5 0.6519261414418913 0.5664452158405541 0.02496576674922295 0.032948855386194256
5 0.6249419563718688 0.62567931527482 0.0356121683207995 0.02676248789975162
1 0.755980210505698 0.24508836630809228 0.02496576674922295 0.032948855386194256
6 0.6801345705160579 0.6822656585607658 0.11015851984959504 0.31930451190385656
1 0.7059393992997742 0.5980179235878806 0.023767139784752266 0.04075226502711473
1 0.7086855636916323 0.5558349687674203 0.03939213978475227 0.04084316861791084
6 0.6128592175395206 0.9166209152000653 0.09699493217453856 0.16675816959986953
1 0.6032466230400384 0.9404821586589618 0.032816808105551945 0.0673602168225127
1 0.6319024700207198 0.8789133995837755 0.04226458271265763 0.06897725897699018
1 0.5991733990948864 0.9924385266363839 0.044623295285270356 0.01512294672723229
6 0.7425982990093238 0.3981770048717738 0.09314649420903187 0.22235678903121983
6 0.7981912892894142 0.16093608010554292 0.06574493217453856 0.17064884328594587
