6 0.5719201832943173 0.5393423767512218 0.09346782132453627 0.31692190637700646
1 0.5950681782797524 0.49673879692303835 0.044096992478152686 0.06783595318850325
1 0.5692210806287503 0.578322989596092 0.04731292069139794 0.07112472749876275
6 0.5086710593833563 0.8432431462002412 0.10044524703049902 0.31351370759951747
1 0.4911305552267212 0.9699080051441534 0.05673338479802066 0.060183989711693184
1 0.5127220618906388 0.8797316813646348 0.04477895407749273 0.09127345318850359
1 0.5334186582879996 0.7869233836486268 0.04441524122451135 0.07877345318850323
1 0.5430186303121811 0.6990106258467106 0.042898205331134066 0.08025406603337366
1 0.6048189144896988 0.3767538455435574 0.03463106426490725 0.0642196302577247
6 0.6497546444314392 0.20384196799936602 0.11534282132453626 0.31806832654882317
1 0.6402288802456741 0.2354228386461524 0.04799488229073816 0.09456222749876275
1 0.6739770576009897 0.07053150101605281 0.031324207838416565 0.057805855947465276
0 0.2550255706661274 0.9342255930571663 0.10262019780928666 0.13154881388566722
0 0.2838134633817069 0.7871436324054313 0.12048965940862688 0.1732471494796016
0 0.3186156753767585 0.6129182383528967 0.12807483887551346 0.16584408525525057
0 0.34611385273207407 0.44769935210227807 0.09034751834240007 0.1560662935321364
0 0.3653712842440247 0.16233506218818633 0.07628501834239998 0.1553293091359686
0 0.3267082863555958 0.33479323835289665 0.07442098997087018 0.0912668091359686
