2 0.5467449939529112 0.3789543547393268 0.068205654678545 0.0914132262518895
2 0.5121330892743664 0.4644977416133821 0.06973179201145392 0.08837923151356133
3 0.8326097686187295 0.40185831762527524 0.051907945337363516 0.032690673635170954
0 0.38688380987432397 0.9384807011530676 0.11253745735199913 0.12303859769386491
0 0.416481497891505 0.8240176838055788 0.1218942760184536 0.14294490514873245
0 0.46640077657545875 0.6994950969174062 0.09237040802036275 0.15527830517696728
0 0.4922013025939124 0.5649681784733198 0.10470677601845377 0.1419438472703421
5 0.5216797172581398 0.584666028445085 0.06615225867281786 0.04913472099021767
1 0.5246074593014105 0.2658705258142491 0.05850339067472685 0.06274219468185845
1 0.5776790099856826 0.13918619944942007 0.04923747867599957 0.07157116311182729
1 0.8682767379853644 0.158456928120384 0.036210220003181706 0.025530621018452538
1 0.735568947247004 0.6792105019249642 0.09244313335454457 0.16152830517696729
