5 0.3445137924813026 0.6991950554194647 0.08592263103285883 0.09291955417661057
1 0.31887638622070036 0.7409480618296056 0.09645833774894799 0.037251751033457306
1 0.5672171717000628 0.6428036985139859 0.04389882213985139 0.09564213978475226
1 0.5331472173462263 0.74734780335255 0.04277283175849824 0.1080693651776464
1 0.5050817263319011 0.8586320597626909 0.044444459163159956 0.11126713978475208
1 0.587804979411944 0.5669667905322686 0.05231152286549072 0.11319351282028159
1 0.6162152108076224 0.46814614681857486 0.0377579495445131 0.098476041356329
4 0.4821973971901096 0.15147668527941954 0.0323958377489479 0.034267992142117176
0 0.5316269675158625 0.09847580976269091 0.0855803798517325 0.17246150496239873
4 0.4047172048171726 0.4046787679920773 0.03061508293962447 0.027945217535011224
