6 0.650341915987945 0.1295264779408025 0.11146420171816533 0.2193317829810955
1 0.6713571008590826 0.11324749296791717 0.061320359565509894 0.12688066256778666
1 0.5588149937799636 0.4843543576256895 0.04274742198083885 0.07053975897699054
3 0.5892085006773685 0.45329070998682164 0.04637038896415202 0.05025453005422946
6 0.5088260391211222 0.6183975595192834 0.1290544934412793 0.25692268657189177
1 0.5190674983025193 0.6051799420328408 0.05244332654882307 0.10652271077238851
1 0.47874679273916687 0.715068026439992 0.045947665083433974 0.10179884933607006
6 0.41917479816623376 0.8599896409995684 0.11910628335537102 0.2459306444174139
1 0.4366621913142573 0.8062015656676035 0.04488313206674714 0.08148634933607006
1 0.4196185334669127 0.8982618006404888 0.04315685775648763 0.07835225897699019
1 0.395468382516973 0.9590402193565956 0.042256099050060315 0.061164758976990544
3 0.5042004941186479 0.7089680173648057 0.05442855042954129 0.05498748184962743
6 0.5870141576202019 0.3369071858845206 0.0889341044771271 0.2067045179539809
0 0.16744852385597428 0.8554010931877499 0.14781113749381403 0.22735336123992694
0 0.2335704115769309 0.6566277707826512 0.14403104025277597 0.21483518052176756
0 0.28020199287545244 0.45852206888905733 0.12215604025277607 0.21470791549465282
1 0.24169385006611313 0.7371192466803503 0.03757524310259504 0.03145907825883114
5 0.44426117084918515 0.47431576141287735 0.029517081637205678 0.026726126463433177
