1 0.48282928002847686 0.588312353397497 0.03036933847375849 0.03940794533736351
4 0.27241215705871935 0.43667548603595285 0.04505912986961631 0.0755090773392725
0 0.07891294195846013 0.8515266846753633 0.09691373051823944 0.1823408800127268
0 0.15085830559602204 0.6773993886855446 0.09677736282348777 0.17452838001272664
0 0.2166627633893853 0.5094493673615441 0.08419554220663672 0.16969542934436319
0 0.30902003855318877 0.29650501937458895 0.10540806899199798 0.2214942866804539
0 0.3939193697233466 0.10378226471990666 0.08783873944669321 0.199419292011454
5 0.4497096737011061 0.03335213339431538 0.05566934740221221 0.05688634667409056
5 0.28181047645775437 0.48286923337045284 0.06970457386326193 0.05548747867599957
1 0.4729224460189451 0.5577345153962243 0.08497501785690745 0.03535679201145392
1 0.2534496972367612 0.5137828786998621 0.1006545649348082 0.03866360534690845
