4 0.58359375 0.30234375 0.03671875 0.0234375
2 0.5609375 0.40390625 0.1 0.07890625
4 0.5640625 0.353125 0.03828125 0.02265625
6 0.64921875 0.31171875 0.125 0.23984375
2 0.6265625 0.321875 0.04921875 0.06171875
2 0.546875 0.49140625 0.04765625 0.03046875
2 0.54375 0.653125 0.08828125 0.13046875
4 0.56328125 0.87578125 0.03359375 0.0203125
2 0.55390625 0.78984375 0.04921875 0.0578125
3 0.69921875 0.91171875 0.03984375 0.15546875
6 0.6265625 0.8875 0.1265625 0.2234375
4 0.62421875 0.9171875 0.06328125 0.11484375
4 0.634375 0.8328125 0.05546875 0.0859375
4 0.503125 0.92421875 0.028125 0.03203125
