2 0.4906957690780187 0.48828125 0.06386367694751698 0.078125
2 0.4554871517903042 0.6703125 0.0683329886359143 0.065625
0 0.5047019476503889 0.62578125 0.11207508035608367 0.1546875
2 0.4678292390462467 0.58984375 0.046130706168510116 0.046875
4 0.5526542524389273 0.5640625 0.05081820616851011 0.046875
5 0.5766921757362915 0.84296875 0.09535913879807012 0.0921875
0 0.5031864918889157 0.846875 0.13876603977100466 0.2515625
0 0.5295361266265008 0.45625 0.0881193831160271 0.125
4 0.6630436964292775 0.103125 0.06301819724005639 0.0296875
6 0.7664989695677814 0.88984375 0.15228306899199778 0.2203125
