4 0.8640371386254515 0.4355684414436656 0.08954588479802084 0.07082156010845857
4 0.8798343202039091 0.6177224112912404 0.06619931301126591 0.07381020472226432
1 0.7508347934817318 0.5396150711285526 0.042534492478152684 0.06586134933607006
1 0.8160195242814019 0.5282735710303565 0.03363085391920819 0.028315897540672097
4 0.8130680205204781 0.4954383451326576 0.05385242570596312 0.02530907220870695
1 0.8735281474009401 0.5121991191367627 0.03505696159934004 0.02363748789975162
1 0.7540841624446347 0.6427764325648709 0.03725595909205772 0.045521578258831144
1 0.7380740321989606 0.4410866675377563 0.04119931301126591 0.07366475897699036
1 0.7471655388628782 0.34346677897407474 0.027517246239076344 0.032967036104353475
2 0.8225760304831009 0.11496050477357796 0.0836141335443795 0.08172269867214013
