1 0.30174847792014003 0.6008554817483923 0.04162497334499946 0.08759284190105418
0 0.34741551392427616 0.5722330746380296 0.13023403469127165 0.18647069368794006
1 0.3112967479312759 0.5191744002274615 0.04135225334181776 0.06415534190105418
0 0.3664029659452752 0.418245911596168 0.08873633068109026 0.10981535178688588
0 0.3454428392345955 0.7417643246380297 0.10483404535327186 0.15107702174882984
0 0.3160445985439602 0.9169944876613009 0.0987658586887262 0.1660110246773982
6 0.5217411625557323 0.8388342787060932 0.07779992536599849 0.24368101581733087
6 0.5539649585853219 0.6220752016337865 0.08666584802672599 0.20031301779449712
6 0.5838995486155478 0.40053312406718844 0.1133010733609078 0.20764535672980172
1 0.6018330306333651 0.2699516275272295 0.0536340773392725 0.0459146778706093
1 0.5589251785885037 0.5988287026223696 0.04404090133672707 0.026782675893442943
1 0.5607069492759572 0.4457037026223697 0.05348862667090888 0.03341467787060921
