0 0.4831273663891135 0.3949553587630027 0.11102373119538136 0.16591710064862308
4 0.5058290804957363 0.39691332507778265 0.07473923871722885 0.09969208279171564
1 0.5707864907622929 0.4019514269442217 0.04998327962517113 0.053970479707460585
2 0.6704063383467881 0.954191811278065 0.07208560015828454 0.06216480925276535
0 0.5235169664808911 0.9205060762972461 0.14852373119538137 0.15898784740550767
0 0.5060613788590189 0.7537672970746053 0.14139319279472176 0.18987279788867967
0 0.49100336553118373 0.5582911558409034 0.13804087226160816 0.1820057508107789
4 0.5399610734361072 0.1476360738599666 0.08766513605166182 0.06087504464226869
1 0.6534876790046682 0.31906283481701525 0.05711381802583091 0.03066934740221221
6 0.6515578029821361 0.17222874512544079 0.11721154671392994 0.21756142126547412
6 0.6964637553437694 0.5884264894433979 0.11863765439406197 0.21290119480442443
5 0.6915418892838602 0.8218156879012704 0.06818771034569907 0.03554776217486477
