1 0.36187960917728124 0.8048211232893202 0.04880568114108117 0.07552725867281787
1 0.42750030107172937 0.7368336446133206 0.046952082712657627 0.06925907733927232
3 0.49455086806862136 0.8673745726050484 0.06483309553293921 0.11787839067472702
3 0.48331365342909416 0.7268041166056847 0.05832623035529281 0.0787613466740904
3 0.48141505148601416 0.5853433226050483 0.06639559553293921 0.11789657200827239
3 0.47012648697032144 0.4940188886060028 0.05392982878371626 0.08495680267345414
3 0.44077701137253944 0.09883365794082091 0.07228172249741008 0.11015679734245412
3 0.4491481294456701 0.028759157304274065 0.041900709677128486 0.05751831460854813
3 0.47111529052775936 0.33063764127150286 0.04382708271265763 0.06922271467218159
4 0.39842899958571526 0.14622682594686606 0.034486315963434676 0.036319308004454334
0 0.1917191205498207 0.91076368264641 0.11283825599585606 0.1762181493475449
0 0.16966853039356491 0.7226369739815464 0.0825343258882322 0.19616702267663602
0 0.17319582898860408 0.47949550131286456 0.09445643713693719 0.25096361067790857
4 0.4266976263407889 0.6860342132797752 0.02943494292790554 0.02845226400381797
2 0.30298841438734897 0.9837279206317744 0.08092466832079959 0.02748974801081765
1 0.41668680975818173 0.40396660061268425 0.04404540653397522 0.07391021467218159
