4 0.5783163202131092 0.32272329282057466 0.03790910308425506 0.024747028855940555
2 0.5538872901813371 0.4234946191367772 0.10136367694751698 0.08161707694917482
4 0.5578986801972231 0.37282249654143895 0.037881829545304765 0.023184528855940557
6 0.6437776789794072 0.33438996831847057 0.12920012499835246 0.24499009618646853
2 0.62094415097623 0.3437550446346732 0.051090941558013726 0.0642460384745874
2 0.5382974720001181 0.5105035458157995 0.047420470779006865 0.032886911069925695
2 0.5323496607187579 0.6721131684111379 0.08979097727182861 0.13430556733052795
4 0.5479944314183344 0.8954514646902734 0.0347295560063543 0.021512901451279022
2 0.5401194760606032 0.8091865824762884 0.05100912094116268 0.059558538474587405
3 0.6833046400224767 0.9286508393313785 0.04335235389503396 0.14269832133724308
6 0.6110711298762069 0.8977257323451369 0.13046261606989873 0.20454853530972628
4 0.6082091826361504 0.9389856990811769 0.064518241882325 0.11780754809323427
4 0.6198382037394689 0.8549653631463275 0.05775004464226861 0.08790179328391048
4 0.4869927017108739 0.9417882621505356 0.028670470779006862 0.03223214664195524
