2 0.658821895376011 0.2094331612428678 0.05665179328391083 0.05688634667409058
1 0.688876439208076 0.35511783123809526 0.03321429328391083 0.05661362667090888
1 0.6449627149839736 0.6063081612428678 0.044171640651505584 0.1020352146721816
3 0.6771774703414513 0.8019473779042317 0.05643851687504089 0.18495680267345413
3 0.6471030460246816 0.9475507792409588 0.04842263103285873 0.08958975867281822
3 0.7214012186121707 0.5195161385662319 0.042881959163159775 0.10982953333863606
3 0.6992037816815294 0.6408189739020045 0.0391021947351895 0.09104317067154533
1 0.6313689517371298 0.7048638399109132 0.025074411069925518 0.0471477200031817
4 0.5872890803229177 0.7819081452498675 0.03363095553496294 0.023819308004454243
1 0.6204562443880683 0.7713700872454131 0.03644842068857255 0.05977498933799978
6 0.5833778519224643 0.9162740545830946 0.13347224282842376 0.1546158693507266
4 0.5835241848620887 0.8897206452498676 0.07967263103285874 0.08995338534372692
4 0.5740003627222374 0.9835433705840494 0.06159226442797028 0.019459072008272217
2 0.546882368249351 0.530137107256549 0.06826390507947586 0.1210579346753633
1 0.6606100515517953 0.493671801241277 0.031160719962933216 0.042532945337363515
