1 0.30859375 0.58828125 0.03984375 0.0859375
0 0.35390625 0.5578125 0.128125 0.18125
1 0.3171875 0.50625 0.04140625 0.06171875
0 0.37109375 0.403125 0.08828125 0.10703125
0 0.35390625 0.72734375 0.103125 0.14765625
0 0.3265625 0.90390625 0.096875 0.16171875
6 0.53125 0.8171875 0.07421875 0.24140625
6 0.5609375 0.59921875 0.08515625 0.19765625
6 0.58828125 0.3765625 0.1109375 0.20390625
1 0.6046875 0.2453125 0.05234375 0.04375
1 0.565625 0.57578125 0.04453125 0.02578125
1 0.565625 0.42265625 0.05390625 0.03203125
