3 0.5933695393639675 0.4019061264271032 0.05679547077900686 0.03354201186299797
2 0.3883658084353958 0.8848154214076377 0.11150233603812651 0.12633168973360753
2 0.39902484455624787 0.7788373354380825 0.10470686525911965 0.09482702174882966
2 0.41571173822558194 0.704667664981847 0.12970686525911965 0.09584569368794008
2 0.43637306574229184 0.6342450770351256 0.10098184740221221 0.060324687756441085
2 0.47443039894104455 0.5302778186321685 0.08889095048646745 0.08325285178688588
2 0.46772465705871935 0.4148438196207517 0.13688416558343128 0.14922536167271758
2 0.4728740328711458 0.30674481813787696 0.10120003571381489 0.07282468775644109
4 0.5800768323846786 0.22263246190236674 0.02214773538950343 0.01651633794672147
4 0.4998165880667214 0.19306697870828068 0.0914080243497292 0.13800401878308036
4 0.48746481818121906 0.06769956418354425 0.09872960064862327 0.11019735376405226
