4 0.546875 0.87265625 0.03203125 0.0265625
6 0.62890625 0.50078125 0.0734375 0.190625
1 0.62578125 0.4078125 0.040625 0.04375
1 0.63828125 0.53671875 0.03671875 0.03984375
6 0.63984375 0.684375 0.06328125 0.18203125
1 0.63828125 0.615625 0.053125 0.0421875
1 0.64609375 0.68046875 0.03984375 0.028125
1 0.6484375 0.73828125 0.046875 0.03828125
6 0.65703125 0.878125 0.0703125 0.19609375
1 0.6515625 0.8078125 0.04609375 0.0484375
1 0.659375 0.88359375 0.04609375 0.04921875
1 0.665625 0.959375 0.04296875 0.06015625
2 0.53046875 0.5421875 0.03828125 0.11953125
6 0.59609375 0.10546875 0.071875 0.1859375
6 0.60859375 0.30859375 0.0765625 0.18828125
