0 0.12774645748391644 0.5839854963819554 0.09692366689245616 0.15466756784239594
1 0.1452747942095049 0.5297959633652687 0.03971095318850333 0.04415279172311415
5 0.17829201209732928 0.5319825831075438 0.0539372274987628 0.048014776119281774
1 0.08587321799936602 0.6519852238807182 0.03930151741285455 0.03634029172311415
0 0.2628972269329359 0.23299180517923973 0.08047979534115868 0.13822369629109837
1 0.2952527035271876 0.2524478120766447 0.035596663274411536 0.0548446302577247
1 0.2566472269329359 0.2333193537997587 0.03864642017181659 0.02384029172311406
1 0.29420810266810493 0.14282715061125542 0.04579053482570909 0.07096095318850333
0 0.327409027023793 0.06832951888319258 0.086068054047586 0.13665903776638516
4 0.33230124491161733 0.06249119742275211 0.058542840343633086 0.04669793758467107
1 0.347403944482076 0.016401848711376055 0.03855788896415202 0.03280369742275211
0 0.19764844244591112 0.393090501470338 0.10390400723608924 0.1986632293077851
1 0.21821989201636977 0.33717469414339174 0.049911468792335524 0.030663501809022265
1 0.21177621946970407 0.46833948496199457 0.03790279172311406 0.03938340456798421
1 0.1614220946390462 0.5837874225466658 0.03502345318850333 0.043907130257724705
6 0.28035912313317723 0.47649614371385046 0.1669705732694627 0.2424818283578455
0 0.06339510967705156 0.7761563862506187 0.054729522839921475 0.18206222749876275
