4 0.44784854547482594 0.2002925996450295 0.04495967292769336 0.031215283665263983
2 0.4063322075281045 0.17983625590563176 0.05716519566510634 0.13930060217691825
2 0.3824012534972222 0.3989508436545798 0.07052735870696818 0.12260417549789597
2 0.42714736220419025 0.5178719692451429 0.12129667984777566 0.06664684137714509
1 0.4430562050938277 0.5626933959241652 0.01651633794672147 0.022420637023308387
2 0.38592413741306125 0.6390128484639032 0.07132585475263546 0.10390873920022692
2 0.39337849315427986 0.7451537210592415 0.0662563527754692 0.09437004809323427
2 0.39882467992213777 0.8404116573569105 0.07088018577927473 0.09297123920022692
2 0.38456320315384235 0.9512226717848808 0.05647017589344294 0.04565972958157971
3 0.5725501151327588 0.13100190790506477 0.04415585969555132 0.1263640925582714
3 0.5739918928130876 0.26238831716089195 0.04052152372599629 0.11375496515360961
