5 0.3892828329960022 0.7957632019414572 0.051637743102594946 0.03183180267345431
5 0.5713992079382016 0.2556910905872309 0.04045458163720568 0.027017033338636053
5 0.48815958276885957 0.3690910665977304 0.031489017412854634 0.034720445337363515
5 0.5393956134106972 0.19594392059200344 0.03749335594746519 0.030105670671545237
0 0.31829422433500343 0.898870567950366 0.12577900723608923 0.19509541868236296
0 0.35324019165700093 0.6939012572804115 0.11500528154634874 0.1980931493475449
3 0.585014734850453 0.8301820132479584 0.0356851944820761 0.025399989337999786
3 0.6247809989839472 0.6673183865770496 0.03773901741285464 0.034793170671545325
5 0.5675449468569252 0.12066210992204902 0.031243355947465367 0.030032945337363427
6 0.7174564156492608 0.09545521395609294 0.1619621687014785 0.19091042791218588
6 0.6722723111721335 0.2974598725732316 0.1398348631835546 0.22492836935072652
6 0.6305097778167624 0.5431087272438223 0.15660628335537102 0.24698518268618094
1 0.631318683289258 0.48297974924414044 0.05936835594746519 0.03036020934118149
1 0.6770793198785607 0.28022691923936793 0.07022396879233561 0.02892497867599957
1 0.6687821410003171 0.3193621445735497 0.0717864687923356 0.02894316000954502
1 0.7152731179332529 0.07287749590232269 0.05155585594746519 0.030269302673454224
1 0.679617821687583 0.23178941923936797 0.05114642017181659 0.022456802673454224
