5 0.4825523026887895 0.9815877230267261 0.07712906603337366 0.03682455394654767
5 0.564340133987311 0.786559496737724 0.04218085594746519 0.030160214672181596
5 0.8043145222740946 0.38959577943981333 0.036094630257724705 0.033212489337999786
2 0.7639916581860289 0.141621356102768 0.05689845318850324 0.04282384667409058
2 0.7236200429663094 0.29496398476285923 0.1257989393936933 0.10608746268299925
2 0.6157820460185273 0.5911839094127691 0.12431832654882306 0.1076317813494537
2 0.5760411945936177 0.6820719914067238 0.0935596494796016 0.116643154678545
2 0.5440376000661131 0.7418191614019514 0.11034435775648763 0.07936133068109026
2 0.4951640880803255 0.8521203147278609 0.15268898801421252 0.11264654535327168
2 0.47492018713038586 0.9127850947246792 0.11775406603337366 0.041970418682362974
