4 0.5953125 0.7234375 0.05234375 0.103125
1 0.61015625 0.678125 0.021875 0.0640625
4 0.6234375 0.60703125 0.059375 0.0875
3 0.640625 0.63984375 0.0453125 0.04765625
1 0.6828125 0.196875 0.02578125 0.06875
3 0.71484375 0.1953125 0.040625 0.0578125
4 0.675 0.2734375 0.053125 0.08515625
3 0.70859375 0.26953125 0.0359375 0.06484375
1 0.653125 0.3890625 0.03671875 0.04921875
3 0.6953125 0.36796875 0.03125 0.0765625
1 0.69453125 0.12421875 0.03671875 0.05859375
3 0.73515625 0.09453125 0.03671875 0.040625
3 0.74609375 0.04921875 0.02890625 0.0328125
1 0.58515625 0.87109375 0.021875 0.0859375
3 0.60234375 0.90546875 0.03125 0.0296875
1 0.60234375 0.7421875 0.0171875 0.06640625
3 0.63046875 0.728125 0.03125 0.05
1 0.63125 0.4640625 0.01953125 0.06796875
3 0.678125 0.42265625 0.0390625 0.040625
3 0.66953125 0.4875 0.03828125 0.03828125
3 0.725 0.14765625 0.02890625 0.0296875
0 0.4171875 0.540625 0.08671875 0.1703125
4 0.4140625 0.52265625 0.028125 0.025
0 0.35234375 0.909375 0.08671875 0.18125
0 0.3828125 0.72421875 0.08671875 0.16640625
0 0.4625 0.31953125 0.09375 0.21875
0 0.49609375 0.11171875 0.10078125 0.20625
1 0.5703125 0.96171875 0.02421875 0.0765625
1 0.590625 0.80546875 0.0171875 0.06171875
1 0.63203125 0.58828125 0.01875 0.06796875
1 0.6203125 0.55625 0.02109375 0.05625
1 0.5234375 0.73984375 0.02890625 0.10078125
4 0.66953125 0.3359375 0.04765625 0.08984375
