0 0.22214004030776596 0.7496039319696507 0.06051129488495226 0.19807793507002244
1 0.20762756753332487 0.8276026534336035 0.026898843285945873 0.0590496683207995
1 0.21668947102592523 0.7467336430945212 0.02060339149054773 0.050946069892376045
1 0.2281814829297819 0.6509117208447801 0.020567030054229284 0.044696069892376046
0 0.2536950882177803 0.5614660771310864 0.06338176483072289 0.15447348428423435
1 0.2516831363241863 0.5045439890417451 0.01760565651766246 0.07267552067816432
0 0.27890923253699845 0.38924432072094567 0.047847668421519086 0.16937073821317572
1 0.2614535669441497 0.43613859139911015 0.025327252926866172 0.05741439371369381
1 0.28017227156821817 0.3063954334173927 0.026926114363184706 0.06373716832079959
1 0.2875080485973854 0.2537241976854164 0.020594301131468117 0.049383569892376224
0 0.19692589598854784 0.9218256883797915 0.06486245159900635 0.1404837588913402
