3 0.7189419393023663 0.26815895533841144 0.05363406010845857 0.08997433664159918
3 0.7303526588553535 0.4833109203922234 0.036310204722264317 0.06573631596343468
3 0.7307389991162372 0.5497171703922235 0.025181807181592398 0.03241439371369381
3 0.7350588604543599 0.6206289838744588 0.04416815651766246 0.073912688998964
3 0.7413457427715254 0.7609992727495882 0.03948974687674216 0.0752568651776464
0 0.5164457367214013 0.7886663161728317 0.12646354781181834 0.2573844685684687
0 0.505529920857406 0.5242592138154668 0.12342945140261463 0.27286391935425697
0 0.49518173155503986 0.22309697415454907 0.09634880093507654 0.1825642510334573
6 0.6545834817514316 0.10268823656054589 0.131041963502863 0.20537647312109178
1 0.7075020078968359 0.7195951768023642 0.02698065651766246 0.0731121683207995
