5 0.3812552586424746 0.8386258003388185 0.12056856426490725 0.06941639988706072
0 0.26966454077492824 0.8764281791791916 0.09727947994174029 0.18036931043863902
1 0.2558808370931468 0.94061948179591 0.06579013605166191 0.06310621572854594
0 0.2961635416328581 0.7113268239457545 0.09926787727617326 0.14148882096198284
5 0.539271032461658 0.6212577478632741 0.04787521034569906 0.037105157850155376
1 0.5320903329365118 0.804798289956649 0.08029055674305993 0.13258425782192057
5 0.5509717474262106 0.45858344261571987 0.06064799498543501 0.04720819994353036
0 0.3172165245440992 0.547325237128169 0.09526233887551347 0.16465330517696727
2 0.3319142073761981 0.353173418726435 0.06289245658477523 0.0707367052052021
1 0.28847879295300627 0.23205655289906718 0.03200616943775678 0.08141659997176517
0 0.30599290188677947 0.2153849923898409 0.08823944906292791 0.1377267841302799
6 0.3756963334652371 0.04136220541696362 0.10451766693047429 0.08272441083392724
