4 0.3695146319243821 0.41924348145549173 0.06271816861791084 0.04077548620519007
4 0.31881012909571177 0.2955293424913396 0.06280907220870695 0.05640048620519007
6 0.3804946011827818 0.8298501108087052 0.11208288524403187 0.20268898801421215
6 0.3672911401158057 0.96604215909054 0.09580337939029934 0.0679156818189199
6 0.39899864060678497 0.6543112002478273 0.088309041958086 0.14364818068726598
0 0.21316567973620057 0.6625353787873867 0.1277169756031115 0.2050703595655099
6 0.23683095959403816 0.8371602425367681 0.10251698770335986 0.169385165083434
0 0.22110194134546965 0.946032874264831 0.07880677693097127 0.10793425147033808
0 0.23083847218526587 0.4783617746489438 0.08833631303532483 0.14833568068726616
2 0.24336976756119744 0.35015156546754667 0.058285198672140125 0.08427982473980081
4 0.3029503424021831 0.6570876402073476 0.03603749394987581 0.019070904567984215
0 0.2420294604778009 0.2540168718899818 0.06612496974937905 0.08937676051544959
