6 0.40640151722177287 0.775401084022908 0.19599709092057757 0.44919783195418395
1 0.3996179712992657 0.689256688056952 0.045063762074194005 0.20670453333863606
4 0.4791965080505728 0.8550822300684059 0.06559155925034225 0.10697725334181776
3 0.5104357993542264 0.748378244072224 0.057779059250342255 0.10688634667409058
3 0.5071553381505977 0.6193901780712695 0.05617109514371954 0.10530566534054522
3 0.5157527513201482 0.48506972207190574 0.05066524122451135 0.07712612133990877
3 0.5055941528112162 0.40445552140354224 0.0536538489046432 0.07247498400699967
3 0.5036799633151998 0.30908847740290585 0.05956887978345567 0.11471702800763595
3 0.5027516122989855 0.20669927406904226 0.050574313011265914 0.07400112133990877
4 0.4642571328194636 0.6970424633990879 0.059767456584775225 0.06786020934118149
0 0.21789529519759135 0.8629368993475449 0.07523464687221457 0.2741262013049102
0 0.20754178305689047 0.602618112030544 0.07382525956691141 0.2289067973424542
0 0.19665106182413178 0.38601186736154414 0.06818301332783516 0.19603975334181775
