5 0.60546875 0.971875 0.0578125 0.040625
5 0.50625 0.74921875 0.0484375 0.0390625
2 0.59375 0.4765625 0.065625 0.0484375
2 0.57421875 0.565625 0.0734375 0.075
2 0.55859375 0.28515625 0.0453125 0.0375
2 0.59453125 0.03359375 0.1265625 0.0671875
2 0.6171875 0.12265625 0.109375 0.0984375
2 0.6125 0.2125 0.1515625 0.1
1 0.72734375 0.89921875 0.0734375 0.128125
1 0.71640625 0.771875 0.0640625 0.10625
6 0.44765625 0.20234375 0.121875 0.2140625
6 0.4703125 0.41953125 0.0875 0.1359375
0 0.44921875 0.9140625 0.1 0.1640625
0 0.4453125 0.7546875 0.115625 0.1609375
0 0.4328125 0.59140625 0.1234375 0.1625
0 0.428125 0.4640625 0.1078125 0.1359375
