0 0.5548983360067362 0.4015490305935943 0.11287136760421675 0.16373633068109025
2 0.5816836704934165 0.4067086979233217 0.0623673488211363 0.07412839067472685
0 0.5430535465005903 0.6095978879296851 0.1369747124710205 0.2186783693507266
2 0.5643462732688856 0.49914164592618526 0.055353344866803766 0.05530566534054522
2 0.5494972060824108 0.5759132312619578 0.05729784684397003 0.06469884667409058
0 0.5222595213289003 0.8857518552673668 0.13697471247102033 0.2186783693507266
2 0.5107980979069153 0.853838783935412 0.05854201186299814 0.05690452800763594
0 0.5995383794672148 0.21187745591982185 0.07282468775644109 0.10079997867599957
5 0.7272083706071474 0.5636843092377771 0.0998036818249421 0.07300224267981754
2 0.637911176882026 0.04495577462604732 0.07894735376405215 0.08991154925209464
