3 0.31334071468663155 0.7352945273624772 0.10363528896022585 0.12407266508343398
3 0.3031141010490696 0.9095984865438744 0.08343188311602727 0.12925813206674733
3 0.2795485470746054 0.4985824214150119 0.06887845941492107 0.10039614767057933
3 0.2710779334403387 0.19216864710475245 0.08272277110331831 0.0886331320667471
4 0.29539036647693573 0.06465447874195822 0.08088753571381488 0.07292624491161734
6 0.4520856148487873 0.7535045375392425 0.32136390015886035 0.49299092492151503
5 0.4703249204481047 0.949878248529662 0.20363528896022576 0.10024350294067616
5 0.4567691607088721 0.8138400084792845 0.19313416558343127 0.1537402329258299
5 0.4779645020252996 0.5971814529613606 0.18238758035608366 0.16410452283992144
6 0.4585972986994585 0.2925382185651929 0.3359445973989169 0.5546144154221182
1 0.37679214529089183 0.2117585300760107 0.05298072402541765 0.08395227611928177
5 0.4635421229697575 0.17337546076327678 0.19579551542127546 0.12734150723608922
1 0.46187803165332986 0.39105760572032267 0.22081488068039512 0.2191948145630355
