6 0.5376229704255203 0.6419418971052916 0.11568372611071513 0.21922620435383652
4 0.5724768415851471 0.5279959589935238 0.030870568401734032 0.021349210344286364
1 0.5571542204255203 0.6412598508261558 0.03296368942018653 0.05728671034428636
6 0.5201679728445947 0.8664433893007433 0.07930661035393456 0.1836508029025577
0 0.39935494390539955 0.8620510443802193 0.12402684712916763 0.25538195916316014
0 0.40043451258948226 0.5848883436545798 0.12099285239083954 0.25683533175849826
1 0.6027496285580245 0.3891591482864179 0.03874325256024882 0.07620040145127885
0 0.41000912073610385 0.31917157441728605 0.1231013839608707 0.266264895460829
0 0.41271907885449055 0.08581718775287259 0.09447658404557532 0.17163437550574517
1 0.6052636236492884 0.02640621025946825 0.029277247298576902 0.0528124205189365
0 0.679823278868608 0.07170878657567084 0.0877715577372161 0.14341757315134168
0 0.6820136523767222 0.24469733095589002 0.06680661035393456 0.18321429328391084
0 0.6740554811606255 0.4171998135326948 0.07968604195220053 0.16339286660488844
0 0.6635561388696066 0.6132762053653268 0.08545019454068417 0.20881449400955016
0 0.6670128807653374 0.8339160875793119 0.09895125241907436 0.2264385036281972
