5 0.6337076096770515 0.7911452508530213 0.07276911465389269 0.048511541603125076
2 0.6781592152858326 0.5971056165443408 0.12679487336031983 0.06693553970326391
5 0.6465097455889859 0.5440890661075005 0.04094590456798421 0.03684668977951393
2 0.6372332428754525 0.47130552953836863 0.09727114767057934 0.06936955547083343
2 0.6505233796918979 0.24844991099725747 0.12293288896415219 0.05280030452090294
5 0.6671033700809594 0.20748007209142413 0.04924972749876275 0.046403527735416714
2 0.6335395183173657 0.0732680730413547 0.08608798620519006 0.0644274823325695
2 0.6301931902982045 0.1434169188810422 0.09751680913596861 0.07405705547083344
2 0.669741448438805 0.3620402855222922 0.096773180687266 0.08964568787965277
2 0.6270747501115417 0.6645827508530213 0.09077548620519008 0.06453658510611113
0 0.4984838398893478 0.905822733851181 0.09847952283992142 0.1817604526972918
6 0.5259648722286661 0.4772989967689588 0.09446040818602874 0.13484908510611113
2 0.640176694932302 0.9145827508530214 0.10442190637700666 0.08670252583555538
0 0.49823709916160197 0.7224471893982642 0.11114329715018094 0.18517639342673622
