0 0.52804415657889 0.4715883107178483 0.10279603064607841 0.15038950361804454
2 0.5158969836511966 0.5007026006319399 0.0662563527754692 0.09546298620519007
2 0.5493090029285685 0.41085220657940524 0.0725700197716634 0.09735303482570909
2 0.652103739088404 0.48200458955066355 0.052546679847775654 0.06512038896415202
6 0.7445830577577537 0.5565309560135784 0.13413887254713258 0.19257035956550989
6 0.7395732696973014 0.7371225367462731 0.11905770060802237 0.1668333751693421
0 0.516783074032195 0.8632402221832376 0.10930069863085592 0.15696705223856355
0 0.5236047128909499 0.5997542542954132 0.10346719269935693 0.12859639077317428
2 0.6505119945627925 0.05992819368910653 0.06772601087441502 0.05500176051544958
2 0.6473976289357422 0.213216967999366 0.07566584486680376 0.058536196291098366
2 0.6798161980993833 0.28224692898978543 0.04384284190105418 0.04283595318850333
