5 0.51015625 0.02421875 0.03359375 0.0296875
0 0.34453125 0.93125 0.08203125 0.12890625
0 0.38984375 0.66953125 0.0984375 0.246875
0 0.43046875 0.4515625 0.090625 0.1890625
4 0.696875 0.13515625 0.05078125 0.0625
3 0.72109375 0.13515625 0.04140625 0.04140625
4 0.678125 0.19375 0.04375 0.0609375
1 0.690625 0.2015625 0.0171875 0.06640625
4 0.6828125 0.246875 0.05546875 0.0484375
3 0.71015625 0.2125 0.0359375 0.040625
4 0.55234375 0.9484375 0.0453125 0.084375
1 0.559375 0.9546875 0.0234375 0.0875
3 0.57578125 0.97109375 0.0359375 0.03359375
4 0.5671875 0.85234375 0.04140625 0.0828125
3 0.60546875 0.80234375 0.0390625 0.05234375
1 0.60390625 0.70625 0.02109375 0.0796875
4 0.590625 0.76484375 0.04296875 0.07265625
3 0.6203125 0.73125 0.03203125 0.0484375
1 0.62421875 0.59609375 0.01953125 0.06328125
4 0.60546875 0.65546875 0.06484375 0.06328125
3 0.64140625 0.6125 0.03046875 0.0421875
3 0.65078125 0.56796875 0.03125 0.03828125
3 0.66640625 0.4703125 0.0390625 0.0734375
1 0.67109375 0.33515625 0.01875 0.0703125
3 0.7015625 0.303125 0.04375 0.05703125
1 0.57734375 0.86640625 0.02421875 0.084375
1 0.6375 0.51796875 0.021875 0.075
1 0.659375 0.41171875 0.02578125 0.08515625
3 0.7265625 0.0859375 0.03203125 0.03828125
1 0.7234375 0.0390625 0.02109375 0.06640625
