5 0.5435804477427797 0.587230094708879 0.04778428213245363 0.03343323821317572
2 0.43984168230337345 0.5709394687778656 0.09908602084968247 0.1341267510334573
4 0.41848951952953434 0.5899270632773476 0.03657399749271768 0.023548815963434677
2 0.4473011781467383 0.45089879652812453 0.08898359514371953 0.10869010339082212
4 0.46819033966693624 0.44288508933219556 0.030278533386094965 0.021695217535011226
0 0.32795779625171156 0.5166950785788285 0.10815479546028879 0.23129284946188075
0 0.32979411473976095 0.23028454363264045 0.11285431881725376 0.3391781240689866
4 0.3436245971887837 0.3829728959900053 0.02081260517284953 0.018133569892376133
4 0.4312502808123053 0.490761817206289 0.022420569279472245 0.019768844499482085
1 0.40402516890903134 0.8456334077768297 0.03159699247815251 0.06700771753501159
2 0.43242896522724994 0.90767748945603 0.11439277210332363 0.12391699710451576
2 0.4371499059769076 0.8010636164205007 0.10313702335696498 0.11247007485477489
2 0.4409986685133199 0.6913611306885243 0.1127848079967011 0.12228172249741007
2 0.4450446931904331 0.31957602192101875 0.09944973370266404 0.1466267510334573
2 0.43821070533113404 0.06059816697775601 0.10823370031656906 0.12119633395551202
2 0.4458677441275052 0.18654519809970113 0.09251777210332364 0.12289815260503385
0 0.3157953946941365 0.9052866976854164 0.10785326708875882 0.16730312406898662
0 0.31693068269908486 0.729214349256993 0.11634772868809903 0.19110449710451594
