6 0.7837823331092606 0.6765625 0.2218849568009073 0.26875
5 0.7572818312951621 0.63359375 0.2323462524470708 0.165625
0 0.7037749184959559 0.86875 0.1369097560752678 0.2515625
0 0.6444916546161398 0.64765625 0.11221729092165802 0.215625
0 0.6100992633316619 0.4234375 0.12784229092165802 0.215625
0 0.5589459579820335 0.1890625 0.12515380054030487 0.228125
1 0.8464733060674184 0.68203125 0.055833337748948254 0.0328125
4 0.6687277959006176 0.871875 0.038482146641955414 0.028125
1 0.8642535723094873 0.74375 0.052435519237293705 0.025
4 0.719174196085952 0.6609375 0.05890377404661713 0.03125
4 0.7840799442718535 0.61796875 0.07992560217691817 0.0515625
6 0.7864807140573014 0.440625 0.1362748390148923 0.278125
1 0.8000719881039184 0.471875 0.044097229581580064 0.0546875
3 0.8044668222246694 0.41875 0.04667659255827132 0.0390625
6 0.7024132157865818 0.15859375 0.1642014315731636 0.3171875
6 0.8886955555192644 0.884375 0.11619546279135698 0.1953125
