4 0.5474851244094369 0.05891376396463412 0.05448909255827132 0.040917665879249096
3 0.7028472693221117 0.37411715643023824 0.12213294954451293 0.10102184137714501
0 0.6998413204105709 0.39976199717441113 0.06359127404661713 0.03343254809323426
2 0.5381250927279074 0.7070139580668515 0.04911211179556503 0.06569941106992552
0 0.4167213517984001 0.9102393567121645 0.14097720798203356 0.179521286575671
0 0.42159235715587773 0.7216716803920373 0.14528276206571747 0.18298116950744614
0 0.4173983865599724 0.5568824940943682 0.11897323320977708 0.14460815027015245
6 0.47559777775963213 0.458256510336437 0.14121531015895172 0.24526291469812272
0 0.4336260433687288 0.3959276359270002 0.11263395317271012 0.18652283175849824
6 0.44056549101432535 0.1254068048014742 0.13305558057737182 0.19035715988879934
