2 0.5424850780454831 0.2853719493748771 0.13317957694917482 0.104528787293461
5 0.4179165761465666 0.6572420040915332 0.05319941106992569 0.04867560217691817
2 0.3106224313187097 0.6461631495523623 0.05018353847458741 0.05169147477225664
6 0.4589507707969382 0.8898982474681112 0.12524308057737182 0.19008434137714508
1 0.46128459711314085 0.9124453700634497 0.036393856986241604 0.05901290145127902
1 0.432948776787388 0.9641542030030742 0.041989092558271324 0.04048115626060209
6 0.5058704439325814 0.6635341549098399 0.16401789309857637 0.27258930653075486
1 0.536430963169875 0.6374974445655536 0.04809524881887377 0.08126984736759475
1 0.5131993050951744 0.7218005226958548 0.052237111795565026 0.06580853847458741
5 0.6552653641578179 0.07231389946754427 0.04834821996293322 0.04382441106992567
6 0.6249577829474738 0.38158969574667995 0.1178323738612825 0.24600695916315996
