6 0.40436821740532797 0.2935941843642712 0.37956576035833417 0.5412861487450698
5 0.38078831340697744 0.23449128808774336 0.17177937476889085 0.16170383225631957
5 0.3920032950645774 0.08329246399954894 0.13461434389007837 0.11867987765916677
5 0.7821234928738641 0.23602525902114646 0.065335494985435 0.04524107123840278
5 0.3914627036152744 0.41352482465687534 0.1348871285298145 0.12805487765916687
6 0.39578310840504777 0.770641767951771 0.3010028396669363 0.45871646409645805
5 0.4081143091838353 0.5833288315907295 0.1832624440483631 0.1807084053945836
5 0.4043972419494272 0.8580560746568754 0.19042172618081654 0.21210387575930553
5 0.3118112736861694 0.7348893719595836 0.20441001834240008 0.15621755167111145
3 0.2536337461725693 0.5063454914506252 0.092063131037097 0.10519795269729179
3 0.25285719319043315 0.3454989104285766 0.11738137978345575 0.11671733415618064
3 0.2208928246897485 0.13239884517409742 0.06031302586424747 0.0872831008736806
3 0.24703806835503536 0.6553096683123613 0.05935827962517113 0.05447060087368065
5 0.3069298939027137 0.6207905043684031 0.14238137978345575 0.11729921561506948
