2 0.45747045071998915 0.7803918988809803 0.04499325256024882 0.07689213978475226
2 0.3474892349914433 0.8395057255977818 0.05200211575678067 0.03670378742738763
0 0.3148095977644522 0.4321983397419711 0.13030766823232484 0.20396837014004526
0 0.2917683979620963 0.63950141749223 0.14446117349399668 0.20618584160399783
0 0.2638962140153431 0.907639179693339 0.12240416297065301 0.18472164061332208
5 0.30787924537361266 0.6856872127775004 0.08884966837349921 0.0540026033908223
6 0.4494520953453778 0.6625130401134746 0.1506355787839034 0.17842471463952733
6 0.4461017692628976 0.9038292830841612 0.1410631577089811 0.19234143383167748
6 0.5458313555863727 0.3661881577723204 0.11280092079257358 0.2779495256405632
2 0.5283036793909531 0.49227762282613236 0.056689615756780755 0.036922111248705036
2 0.5857793343279238 0.1510554633966729 0.05805469468185827 0.060359611248705036
2 0.5642089002399964 0.2793067419327202 0.08517863680346807 0.0444820541766104
2 0.5512854240586941 0.4204946681114026 0.08434417889684287 0.056909279569504534
4 0.6165471320359064 0.5104882754311661 0.0618321420651398 0.044952935070022626
2 0.2812143897166527 0.26925953804656 0.05151626834526431 0.08187073821317573
