0 0.6184566830300063 0.801944364542351 0.1729967637964224 0.3415744255988834
3 0.6441521582732401 0.840477920060275 0.09908415665497756 0.13163950361804452
3 0.6880992069759938 0.6254803618288174 0.051090941558013546 0.06512038896415202
1 0.6213652690681328 0.9237784209647859 0.06197389448011279 0.06256859905006032
0 0.48707249512544076 0.6219403612629906 0.14468875730360065 0.2401823439616777
4 0.5098963404990581 0.5855558039360443 0.06649775324641087 0.05343926051544958
0 0.4378339744258642 0.8473807745374021 0.16236718100470676 0.26920810266810485
0 0.5410803364418684 0.4009417865231898 0.11006829545304768 0.22431832654882305
0 0.5998165880667214 0.18204130031799964 0.10532624837514692 0.2209476650834339
0 0.6402761724832902 0.04570815015899983 0.08779210064862308 0.09141630031799966
0 0.7463409862002823 0.10945921415823809 0.10214670129724616 0.21765889077317438
0 0.7042973567344077 0.3439061352345658 0.1325433133099551 0.25983974672063964
0 0.02330209577406387 0.7525927334916567 0.022494383116027195 0.12606453301668666
0 0.048009995125440755 0.6449506518544508 0.07249438311602721 0.12868492198083886
0 0.08201107385996662 0.5321297472864666 0.07441143912238161 0.14907930913596862
1 0.17146153733537275 0.3256949615562463 0.03919095941492108 0.09884029172311397
1 0.14963713027335812 0.37453857530562773 0.024119338473758488 0.04029080732694625
0 0.2078200028393738 0.2135324762555674 0.07249438311602718 0.12868492198083886
0 0.3006136546263827 0.02799112392614671 0.05435230925276535 0.05598224785229342
0 0.25363528896022586 0.10556616802410997 0.06287392126547413 0.11413109905006032
