2 0.42153946925420166 0.9728887759389119 0.04153428213245362 0.031722714672181594
2 0.46241818501017695 0.8294927646005938 0.07947220282385156 0.10089088534372692
2 0.47716029810058525 0.7254501545990031 0.0903187746106063 0.09789315467854501
2 0.5112518047645028 0.6274302779280942 0.09638691818411545 0.09171588001272682
4 0.4964846111118512 0.6518126599300033 0.0271989974927175 0.02218408267027261
4 0.5760046265512575 0.6298007525859582 0.023892141066226814 0.015897720003181702
4 0.4676609291376822 0.6224706052673666 0.02223871285298138 0.012754538669636162
2 0.527996687055241 0.5350791459261852 0.09615959765100221 0.08390338001272682
2 0.5641136949727998 0.44796949725495816 0.09749477711788863 0.07610906134627218
4 0.6367903285171792 0.3659013372454131 0.023983069279472247 0.019022720003181705
2 0.5776055451310844 0.3868956372533673 0.06905152837152997 0.0648442973424542
2 0.5936601056350679 0.291428595918231 0.04960284639736088 0.0942954400063634
2 0.6144021661390514 0.1959070105824584 0.06031302586424747 0.08661020934118144
2 0.6581043535234968 0.11651895524350413 0.0746937746106063 0.09771134134309048
