4 0.5867709569705433 0.9284321063273708 0.06640873920022691 0.06830571509696384
4 0.5653274881887365 0.8062570973989169 0.050927582939624474 0.02743525324641105
2 0.5749356119652012 0.7236627857105196 0.11739088584218216 0.09730346834337489
4 0.6029440500769688 0.7655326858726754 0.028834328130301047 0.020803423701106105
2 0.605148868503805 0.44857701095375335 0.0692063569862416 0.05898526217486459
6 0.676326986374638 0.7652520422033413 0.1501736479078998 0.2758921185055307
6 0.6588096480775357 0.928414920858437 0.11784724282842376 0.1431701582831259
0 0.45105914626343724 0.8878053319776414 0.11383435462398897 0.21904210064862326
5 0.5476439364673051 0.6576014090873142 0.10242065027015243 0.11578073295387128
0 0.48088302240215464 0.6462860336819247 0.15129963828925277 0.26341939204448084
0 0.5634846358421821 0.10509006371369689 0.14361113466105593 0.17740007142762995
0 0.5189261371081265 0.3494752633893853 0.1477034123358699 0.2945875714276299
1 0.5310441911918107 0.33875595170098804 0.07509425843752063 0.09344208279171565
