4 0.5982878742738744 0.5301344730877486 0.055162688998963996 0.04653416327441153
1 0.6496063176160646 0.41046710424998467 0.030672111248705038 0.05616146879233561
1 0.7881079296933391 0.1714532711424408 0.023621590570540717 0.0386464201718165
1 0.8161194596771285 0.10355976424503585 0.018424668320799496 0.027463258706427275
1 0.8027312018192456 0.1340318362713032 0.018424668320799496 0.02746325870642723
2 0.7170762998333842 0.286190800541083 0.05247433664159899 0.05574538896415202
2 0.6827056079389362 0.3514130088179689 0.07373290653397539 0.07712242198083885
2 0.6165798019002988 0.4710836996820003 0.03663101282028158 0.050239017412854636
4 0.5864257291124386 0.5599071822691458 0.07086046360606986 0.048915534825708915
4 0.4614493078961549 0.6375264919709412 0.02750856989237622 0.021704581637205678
4 0.45667407071643645 0.6855954997728574 0.0744948858558109 0.06001680913596861
