0 0.1718327167132542 0.8972754966803503 0.14722720798203354 0.1898806323171655
0 0.2712499072720926 0.6907805778660479 0.1397420901960187 0.19921018052176756
0 0.353097651914615 0.4951231651018694 0.11762898801910052 0.14752950585373253
0 0.4289657258685649 0.358818026439992 0.09128474282842376 0.15362496974937906
0 0.5657043563532695 0.06814809552544104 0.06971727767481414 0.11756929508134395
6 0.4536283537365627 0.8829269108097659 0.0925595553496283 0.23414617838046822
1 0.45672607188539727 0.8840861920328408 0.03337798439090349 0.06111930718159257
6 0.5102032798674309 0.6952964028052293 0.15522324645662094 0.23991699375348396
1 0.5355380965649866 0.7306071889095828 0.0353224303072194 0.0720658975406721
1 0.5652008039140479 0.6643600201934761 0.03148810217691818 0.0517352168225127
1 0.59426331053747 0.6153003514773694 0.02981647477225664 0.048601126463433175
6 0.6808431951985258 0.4407685049699698 0.13205856496827514 0.24759313836728972
1 0.6371626278679978 0.5280321556338997 0.032886911069925695 0.04705680718159222
1 0.6652355533658938 0.46255714655871333 0.032886911069925695 0.0470568071815924
1 0.6935986555428121 0.41114918266306677 0.03655754809323426 0.06269998789975162
5 0.7852033461016505 0.20460881205336617 0.04667659255827132 0.03932612041330889
5 0.7246328899337154 0.35037985430603974 0.05078373920022692 0.0674693011314682
5 0.837051077497329 0.10723436318483434 0.03924603847458741 0.05021816861791084
