1 0.6643031244942549 0.3610530702637994 0.041135920688572546 0.05960225897699045
2 0.6628795891845284 0.9244570401113741 0.06257441106992552 0.04722952400410492
2 0.6752704286627569 0.6751155702637994 0.05256449400955034 0.07372839149054791
2 0.6177703425582715 0.03547635334309081 0.07740080290255769 0.06918633723582165
2 0.6192807680561673 0.1011058985226306 0.0786904843909035 0.06138292759490129
0 0.5268502537130151 0.4079558622218854 0.10734625244707079 0.16621587334017515
0 0.5313988883740709 0.582964952580965 0.11219744355406328 0.1709306444174139
0 0.5316593271188108 0.7470592688377437 0.11494049763774719 0.1600113251355733
0 0.5404316703100543 0.9087598381195845 0.12604168874473984 0.16476245764913067
6 0.7321454551564447 0.8716996787732517 0.12493554573098145 0.22255677693097126
