5 0.48484128067003907 0.07485980860123029 0.07293155771188112 0.075818160009545
0 0.4506151359270002 0.4152399079408209 0.10896331614940155 0.16838746801399934
4 0.4667138510806099 0.4510046852721391 0.0800198606144388 0.14462270401018137
2 0.553025895630465 0.7516853905951851 0.07652778366526398 0.04462270401018138
2 0.5556722351935116 0.8274666405951852 0.05988592068857237 0.06004770934118149
2 0.4832986611547437 0.3664024186028211 0.04969246515360979 0.03650112133990877
0 0.43313752548219747 0.9218989879455934 0.13169148801910033 0.14834768801718107
0 0.43751994671892425 0.7788211499443207 0.12048116950744614 0.14040791868236296
0 0.4451984935462141 0.5958450179424117 0.13365578130301117 0.20459768801718106
6 0.6435095410912941 0.858488826583413 0.13507443756361362 0.24522268801718106
6 0.6413120909138088 0.6388939419160039 0.11679566351699648 0.21377269334818116
6 0.6590525961864684 0.11738202124445865 0.11249010943331239 0.2246556493475448
