3 0.6100792834956279 0.5842062642583342 0.09793155771188111 0.07832838584218216
1 0.4960465876641299 0.27450886044480266 0.07965278366526399 0.04647818511654282
3 0.5944691855798789 0.4279116242398008 0.09793155771188111 0.07832838584218216
5 0.5574998874018267 0.8162300797747637 0.1476240228654909 0.11595736061443844
3 0.6094469218696988 0.009300555812964533 0.04974702885594055 0.018601111625929066
6 0.34718996932996093 0.0686445732785687 0.11094247840045365 0.1372891465571374
6 0.34962296624991807 0.35609122105924146 0.14768356496827514 0.2517311695074461
0 0.2998982077275795 0.7745064043616857 0.12653276206571765 0.18232640507947587
0 0.3277354871316742 0.9381770347615724 0.10656251324684388 0.10203870435383636
0 0.32181539166299594 0.6161209854872117 0.08939486061443871 0.14669643992586606
