5 0.652174969392529 0.7536217352792703 0.07427656203449332 0.05323540919430556
2 0.6811774569865321 0.5535119792953467 0.12983735731976367 0.07325827488562524
5 0.6452549195591446 0.5042938825057286 0.0424443651776464 0.04000805737069442
2 0.6301885376322753 0.4326916394395829 0.10022263192686935 0.0741297906531944
2 0.6252141315125848 0.2083456028704509 0.12449488585581073 0.059086672112083426
5 0.6380565798171736 0.16503136075423558 0.05062073821317572 0.048002395326597294
2 0.5936622628202816 0.034672366738159224 0.08906680810555194 0.06918771751493062
2 0.596192257443598 0.1057843005337495 0.10044095574818694 0.07881729065319454
2 0.6538550159206535 0.3195188390027425 0.10109592721213971 0.09287979065319459
2 0.6353791135205074 0.6280950584175342 0.09375430810555194 0.06929682028847246
0 0.527746511782315 0.8863459291428468 0.10702490363849115 0.18666615824437507
6 0.5201243329175455 0.4540237384134024 0.10015416542531544 0.13968205547083343
2 0.6688616633538917 0.8768046621410065 0.10883565260503403 0.09149912860909737
0 0.5129454954473769 0.7028976495075691 0.11967045285270288 0.19008209897381967
