6 0.6581422145830176 0.48046875 0.10606923458010194 0.2375
6 0.662079239078102 0.74375 0.1218487706844554 0.2640625
0 0.4064327061952023 0.90859375 0.08387607201231528 0.1828125
0 0.4062155793389858 0.67734375 0.08704652380771342 0.190625
0 0.3988581181738137 0.46484375 0.08235902380771343 0.190625
0 0.3945165726996863 0.27109375 0.06499880698520064 0.1609375
0 0.3978602621984443 0.09921875 0.07909766842151908 0.1671875
2 0.5116591417851353 0.14453125 0.039226126463433174 0.028125
6 0.6597739340378089 0.2 0.12032263212077385 0.2703125
2 0.540086585290914 0.6296875 0.08163179508134384 0.065625
