0 0.39947113975712156 0.5590540760465423 0.1252943283578455 0.15946252471457925
1 0.3899190773417926 0.5033134120160975 0.06428822930778519 0.0961693458553869
0 0.2858059509292551 0.8685020133086919 0.1594103787873867 0.21542336463846717
0 0.35316162652813854 0.6989270009514021 0.1444537641334942 0.16803902866891213
6 0.5310642192466208 0.8000398788985612 0.16777615671569102 0.31555069863085594
6 0.632396504411014 0.5027881941078696 0.15750704206179833 0.26835736364988405
6 0.7097380116471033 0.30630051327151075 0.12331574852966191 0.18121019072219058
1 0.7269907886708963 0.22997809380385842 0.05360303482570909 0.07078734387822054
6 0.7675958565132921 0.13945125289138743 0.14058513568479186 0.18347302768032892
1 0.7658795482818347 0.18707566939329023 0.03971095318850324 0.04371550790866543
1 0.6356321263009959 0.2625451960850359 0.03683161465389251 0.04827567391627667
0 0.46460921811496697 0.40204273068544705 0.14050324852966192 0.18191052768032884
4 0.6129835996158872 0.11456795251082656 0.048014776119281774 0.05340884288963732
1 0.5551168679332529 0.05845721536240785 0.0544351944820761 0.027164677870609298
6 0.5622256037997587 0.22032054540046392 0.11533947421940241 0.1777668557412186
