5 0.4982150996667685 0.4984375 0.1646147717116218 0.1125
1 0.5518921397847523 0.040625 0.03815927956950453 0.08125
1 0.5586558701400451 0.11875 0.04270123035529281 0.078125
1 0.5687458076912671 0.21796875 0.03859592721213971 0.090625
0 0.6948761997478219 0.84609375 0.11357031017246655 0.2578125
0 0.672549473735755 0.6015625 0.09492731803034929 0.2265625
0 0.6517874017764644 0.390625 0.09427234656639669 0.2125
0 0.6267380901562558 0.18828125 0.0991781703877141 0.2171875
0 0.4337396466046687 0.85859375 0.1319222038861602 0.2828125
0 0.4058713959854961 0.6125 0.11851036724456102 0.2296875
0 0.39361102874093506 0.3828125 0.11767561331561964 0.2453125
0 0.38180442576439766 0.14609375 0.1109161910658786 0.234375
