5 0.31329345884271287 0.25345475558157127 0.0820489393936934 0.10825345574818694
2 0.18290883876175337 0.4400386108344202 0.049161196291098365 0.07554796360606986
1 0.22319632406243226 0.4035403387085138 0.0372476944820761 0.026673815963434676
1 0.31206407225341 0.4562351532242063 0.023267081637205856 0.027581344499482085
1 0.26259525949939677 0.6230930134394541 0.028364017412854547 0.0356121683207995
2 0.3636818831984009 0.33803311683027626 0.05590251922187681 0.0852140620344933
2 0.39688164405253473 0.048245024811993636 0.040611711894930555 0.06112159057054058
2 0.3615339642697798 0.11003439536632356 0.048669873360319825 0.06617296360606986
2 0.3279125587972843 0.16877154052775936 0.041846663274411534 0.054944365177646406
2 0.2472723111721335 0.31773127129733697 0.03921298620519007 0.06417381596343467
0 0.6518280936229933 0.1149403349844601 0.10572545680654777 0.14364730024766903
0 0.5736477826780024 0.2319052030575907 0.13154432835784532 0.16043669396136276
0 0.5025463093631112 0.37817658146980343 0.1448631999091429 0.17664389081820958
