6 0.589459726932936 0.24609375 0.34298195386587194 0.4921875
5 0.6495673100404797 0.09609375 0.14288462008095948 0.1921875
4 0.6478133802577248 0.0328125 0.08312676051544958 0.065625
4 0.6460638517635938 0.13359375 0.09652087516934209 0.1125
4 0.5107991383983252 0.25078125 0.04826708163720568 0.0265625
4 0.6019873824054314 0.30625 0.03889208163720568 0.0265625
4 0.6191925717991248 0.4109375 0.06545458163720567 0.0265625
4 0.6411428149017198 0.4421875 0.050982645861557076 0.01875
4 0.6088083497274288 0.5109375 0.04637703301668683 0.0203125
4 0.60778691881302 0.84921875 0.03132524310259512 0.03125
2 0.5892150604907057 0.971875 0.049741050429541286 0.0546875
2 0.5456244335123412 0.8109375 0.05319359905006031 0.0609375
2 0.5409568656699454 0.721875 0.0668400192218769 0.0828125
2 0.5411815157153739 0.63671875 0.0730900192218769 0.0828125
2 0.5898459085247132 0.3578125 0.07054487336031982 0.0640625
1 0.6884382960185272 0.584375 0.028029824739800802 0.0578125
1 0.6923223710970123 0.8671875 0.03410940637700666 0.084375
3 0.7139074440277908 0.8765625 0.04248847241038014 0.125
3 0.7175979307988077 0.73828125 0.04314356965141819 0.1375
3 0.7176654505865114 0.6203125 0.03386374491161739 0.0796875
3 0.7154268419255126 0.51796875 0.03435506784239593 0.0890625
1 0.6520238404551748 0.69453125 0.022195904567984214 0.0359375
1 0.6493791180447945 0.56953125 0.03099105042954129 0.0546875
