1 0.6332115150142383 0.2731296791376822 0.027236430193927852 0.12885242570596295
1 0.627236024753471 0.423379731724107 0.038746674511885 0.16198317445232177
1 0.6177809784863493 0.553408212523777 0.030887535713814883 0.06961381802583091
0 0.40481692288373666 0.846469205397641 0.1159012840889618 0.28760295157021043
0 0.42335882264215063 0.5653184937983008 0.10803423701106105 0.2842506310370968
0 0.45100298701106123 0.26826999755922454 0.08635015178371361 0.2945516335443794
5 0.5386903530842551 0.01625417115361638 0.08988070616851011 0.03250834230723276
0 0.712020533278183 0.13092179559330278 0.06530126623205437 0.2517731001582845
0 0.7031439598186628 0.38365199049959553 0.06689103977100466 0.25338106426490725
0 0.6957617025117668 0.6324304712992657 0.05710693668674978 0.22967077962517113
0 0.6913135304322185 0.8701805238856904 0.07092397483619664 0.2160174565847754
6 0.5441367471540357 0.7228234537482885 0.09011035145940198 0.24156302586424747
