5 0.28671875 0.26875 0.06171875 0.09609375
2 0.1984375 0.47734375 0.034375 0.06875
1 0.2296875 0.43359375 0.03359375 0.0203125
1 0.328125 0.4671875 0.01796875 0.02421875
1 0.3140625 0.63984375 0.021875 0.03203125
2 0.35390625 0.34140625 0.03984375 0.078125
2 0.32578125 0.04765625 0.028125 0.06484375
2 0.3046875 0.11875 0.03671875 0.05859375
2 0.28359375 0.1828125 0.03203125 0.0484375
2 0.2359375 0.34453125 0.0265625 0.059375
0 0.5890625 0.06484375 0.07890625 0.128125
0 0.5375 0.1953125 0.103125 0.140625
0 0.49765625 0.35234375 0.1125 0.15390625
