5 0.47202143229095395 0.7752085134864587 0.04823909255827132 0.040153527735416715
2 0.24480164554564707 0.43815853590354187 0.06780754809323426 0.06402743882958344
0 0.2464063294810635 0.5958801169255905 0.07322422359113023 0.12972517401194458
2 0.2505010632389947 0.5343068372903127 0.07811013103285873 0.0908081443766667
2 0.21647578202080142 0.655290831306389 0.04346231252120454 0.08219555737069442
0 0.21038950624490385 0.9057265891901738 0.10367561542376222 0.15229115824437506
0 0.22664444490482566 0.7452982354667015 0.08884922359113015 0.13008884992374997
5 0.5177083443723699 0.0940143712939935 0.12772818511654283 0.08103440729444455
5 0.4933110342982362 0.17775293844833376 0.13921132213985138 0.09691398043270842
2 0.2829687566234219 0.05576491641250023 0.07142362141421188 0.0781626740119445
