4 0.6745909338414172 0.08602329939000057 0.05018180718159222 0.032413762917777825
6 0.7681818525575239 0.11554910486083399 0.11179199375348414 0.14945709897381954
2 0.7347744549186561 0.082735951650452 0.05499657220870695 0.054397865691319505
2 0.6451528978352596 0.17675674895316026 0.09125223477649361 0.10992182028847233
2 0.6182035366935287 0.37693793369868106 0.100809041958086 0.14139002583555574
2 0.6119030188377437 0.5197793971295491 0.06759656615858275 0.07187630642076392
6 0.574101995226422 0.8309272641520489 0.27546465007475474 0.33814547169590237
1 0.5322877208295335 0.639817833774931 0.02675339754067192 0.03343074905006951
4 0.6044308864223822 0.5953969929692366 0.04545794574527377 0.026054660144236054
1 0.7199422569338869 0.6176194447165979 0.031586343285945874 0.05853985182361114
1 0.6862389017440844 0.7699807253018062 0.03466589149054773 0.05080008700597229
2 0.5647275161072691 0.7046440531897227 0.0521988251355733 0.11057513050895836
1 0.7051990217646099 0.4656932688047922 0.04269656010845857 0.08848192496187508
5 0.5611792935292199 0.9050732789696877 0.2620828852440319 0.18985344206062466
4 0.5732065948570797 0.9856881525447918 0.12679884933607005 0.028623694910416476
4 0.5569912423977517 0.9599673328250006 0.1112920240041051 0.06351959897381931
