6 0.396875 0.7087313818401386 0.271875 0.376640460865417
4 0.3765625 0.6349854105254857 0.0625 0.057704703647222286
4 0.36328125 0.7267007850505205 0.0390625 0.05559668977951393
4 0.31640625 0.7816980627859372 0.075 0.05799564437666653
2 0.35703125 0.6815337554152427 0.071875 0.04542290919430556
4 0.33203125 0.9094593868741316 0.0328125 0.022638719414791807
5 0.44296875 0.7506272879003122 0.065625 0.09683993882958326
4 0.4390625 0.8179057068782637 0.0234375 0.031795513867708534
2 0.43359375 0.8789704934473954 0.0359375 0.08208645459715277
3 0.45234375 0.8707215823532287 0.0296875 0.05537848423243048
2 0.41796875 0.955896669359201 0.034375 0.061737587005972115
2 0.47265625 0.7132175536678815 0.046875 0.07296602773541672
2 0.49375 0.622101591186944 0.03125 0.10541485182361114
5 0.3171875 0.5168361289903469 0.128125 0.08735714247680555
1 0.275 0.594380553952222 0.025 0.042769381458888846
