5 0.15546875 0.56171875 0.04140625 0.04375
1 0.15078125 0.5421875 0.05078125 0.02890625
2 0.24609375 0.5890625 0.06015625 0.0890625
2 0.253125 0.471875 0.05234375 0.0609375
2 0.22890625 0.6921875 0.07578125 0.04765625
2 0.19453125 0.7875 0.05546875 0.08046875
2 0.16640625 0.8765625 0.05234375 0.07109375
2 0.14921875 0.95546875 0.05390625 0.08046875
1 0.0703125 0.80234375 0.06640625 0.0234375
1 0.21328125 0.18359375 0.028125 0.0421875
1 0.2328125 0.0921875 0.03125 0.07734375
2 0.2296875 0.6515625 0.06484375 0.09453125
4 0.203125 0.3625 0.04140625 0.0296875
