5 0.51875 0.08046875 0.06484375 0.0703125
0 0.44296875 0.41484375 0.08984375 0.159375
4 0.4546875 0.45234375 0.06328125 0.13828125
2 0.50390625 0.759375 0.07265625 0.03828125
2 0.49765625 0.834375 0.05390625 0.05546875
2 0.48125 0.36953125 0.04609375 0.0328125
0 0.3640625 0.92421875 0.1140625 0.1515625
0 0.3859375 0.775 0.1046875 0.1296875
0 0.415625 0.59375 0.109375 0.19453125
6 0.58125 0.87421875 0.10625 0.23515625
6 0.60546875 0.65625 0.09140625 0.2046875
6 0.68671875 0.13984375 0.08671875 0.2171875
