4 0.6807607513547371 0.8852529417762842 0.06429487336031983 0.06548083605604163
4 0.6348573518751355 0.7705553153513884 0.049665807326946164 0.02456489532659738
2 0.6265701390756938 0.6870524843293397 0.1156869549975255 0.09320709897381967
4 0.662828543643678 0.7221898973233676 0.02918953301668683 0.020967116641249995
2 0.5987129754625979 0.4092366088543745 0.06849105042954129 0.056214938829583436
6 0.7330624785148157 0.7041289219246523 0.14220959068231737 0.27173214247680555
6 0.7551432756649966 0.8866504811952078 0.1137769742194024 0.17587412860909737
0 0.5411250412688288 0.8775521573913536 0.10809354025277607 0.21631729065319477
5 0.5867396771807631 0.6285321227220828 0.09956398801421233 0.11311955547083344
0 0.5196750079134578 0.6324396791428468 0.14311699344127932 0.25926851006798624
0 0.48604039857509046 0.0834352684751908 0.1386131999091429 0.1668705369503816
0 0.49449578697341573 0.33109538468993016 0.13850473654387443 0.290373039703264
1 0.5039969397323777 0.31835899534725653 0.07185506784239593 0.09062630642076393
