5 0.13550531017477913 0.5214905274510763 0.04672188730530311 0.049492160144236054
1 0.13372986150756266 0.5020138288378471 0.05412521034569897 0.035611498100139014
2 0.22193690366914615 0.5561726923449651 0.0715233105039836 0.09691267401194459
2 0.24405124755922455 0.4401112812507984 0.059721992478152686 0.06697060087368065
2 0.1908794687919832 0.6576085589862151 0.08127874373179385 0.05654224715020835
2 0.14446981855455637 0.7500331015392707 0.06656302586424748 0.08742857123840295
2 0.10446929269030888 0.8368434237276041 0.06160274122451139 0.07794446846486096
2 0.07724155146579752 0.9139878051864929 0.06500052586424747 0.08739220364722229
1 0.027115631730424573 0.7545050088337153 0.054231263460849145 0.031287674011944586
1 0.24313257139104322 0.14970448679788176 0.034130959092057725 0.046076219414791716
1 0.274630275468536 0.05996918636104143 0.041381169437756785 0.08059668977951392
2 0.19750755351086155 0.6176375224170831 0.07795516693047429 0.10330814437666672
4 0.20908887734268028 0.32693978723472206 0.04475021034569897 0.035393292553055566
