3 0.7286594092912149 0.5778662396942387 0.044695557370694416 0.042407675893442943
0 0.37119109498666614 0.6156939145619175 0.1325982137152085 0.19740819368794008
1 0.33082066812493005 0.6031010726608633 0.075075348023889 0.14042868182494211
1 0.2549055994519784 0.9417378083264072 0.07667290919430556 0.07493101581733086
5 0.35285213697104084 0.9643615775851886 0.07045927678548622 0.07127684482962274
6 0.46647245307854135 0.3521354333449978 0.14240962480937522 0.21654019566510643
5 0.4915386561570828 0.68628494026508 0.03183188145888884 0.026273339923887917
6 0.5948461473233675 0.6490488785158126 0.1375052256830557 0.2740980276803288
0 0.3242394405420132 0.818662405664669 0.13390614057694455 0.18653436068413462
0 0.41650686103857604 0.4494123399610689 0.12104246466513899 0.17040002471457943
