6 0.5665224415547183 0.5340269833642038 0.3018652467469984 0.917491057627912
4 0.5897743498312537 0.9259281112052253 0.08250458279171564 0.07329322402541791
4 0.5866612122509995 0.7923479979747003 0.11889782467404082 0.189518241882325
4 0.49784812824146785 0.7634202029253945 0.10676028896022594 0.1205773271096728
4 0.4930321688265469 0.6665997500032953 0.09357845048646744 0.08129663879807011
4 0.5736412406612139 0.6284627759778776 0.10396257142762977 0.1392727800317722
2 0.571439992286067 0.41281050243892725 0.04791139448011279 0.060193206168510295
1 0.4708712021080251 0.33719862216227386 0.04322389448011279 0.06011138555165916
4 0.48340420413662005 0.42841395738962146 0.09272506249917623 0.12189436525911965
4 0.5538785710205929 0.3021457378284307 0.08184210957707698 0.12482845048646726
4 0.5554977978886796 0.12628266721157963 0.05646028003177204 0.10251707386326192
4 0.4600682954530476 0.2107861266265007 0.10237279788867966 0.13768300649282175
4 0.5619369383116026 0.007904408686867714 0.07074887662320535 0.015808817373735427
3 0.7083399744291594 0.3760354310112973 0.048047762174864596 0.0680057061685102
3 0.7149638956946337 0.4868911103944463 0.03530230032431163 0.05372501785690744
3 0.736898765821722 0.8928820117744181 0.04341480925276535 0.07104888555165942
