2 0.26175585618363345 0.7165118308911099 0.11290179328391084 0.05689541549465282
2 0.28637888866777106 0.5931925055591449 0.05886905771188111 0.07532725292686634
6 0.1210812708817562 0.5828539274967055 0.13970737386128268 0.24295109016268804
1 0.17593246198874876 0.578484590064492 0.04449902286549077 0.11117384933607007
6 0.061324358082550004 0.8324584968767421 0.12264871616510001 0.27741699375348433
6 0.1924925125290537 0.3504095870394299 0.16292661905195924 0.23683744554888211
6 0.2699354993670278 0.1242516080184729 0.1695040012659444 0.2462488069852006
2 0.4035094019994331 0.17035042407885986 0.06204862141421188 0.07690793364502549
2 0.2852677672535592 0.6697640959182245 0.06262897477225646 0.048792024004104914
2 0.253640766620587 0.7922612646343312 0.07353175843752044 0.09259656615858276
0 0.5259324951058586 0.33437708352338846 0.15251490870767306 0.20709540339440444
0 0.46842998603536595 0.5489299420328407 0.1263889183263199 0.21944086729005097
0 0.3809646692529921 0.8383237192583997 0.15638893157316378 0.31803290339440443
