6 0.6443402108076224 0.509206593745469 0.09094249164729754 0.23425799756436802
6 0.6132985088160386 0.7713247642001642 0.10275301088459124 0.2594489123370206
0 0.3372121800527653 0.9060705422066366 0.06926589908902611 0.18785891558672674
0 0.36888879910472455 0.6740331582765353 0.07368058057737184 0.1871102621748646
0 0.38959071262172096 0.4617649833576133 0.06899308057737183 0.18702844155801374
0 0.41120036171074703 0.26827408197764147 0.053948433935416415 0.1586579797074606
0 0.43824155526481035 0.09832977475347104 0.06666668874473984 0.16512616801906327
2 0.5440351982785687 0.1580241489410445 0.038318455534962936 0.024092064934808154
6 0.6837946135248456 0.23003729098552544 0.10140876569391466 0.2656716387980701
2 0.507561918704838 0.6428394797041653 0.07858135698624161 0.05914890340856651
