4 0.3201805238856904 0.6599527729544761 0.03211381802583091 0.031142992142117264
2 0.5139391648854102 0.16798994313730242 0.034040030878812286 0.04371576674922304
2 0.43462608643473805 0.26608714888548946 0.05775031551854859 0.0541823858558109
2 0.41992107726353795 0.3424505957423363 0.05788670783841656 0.0588698858558109
2 0.41472746041220604 0.413689894956548 0.03592077962517113 0.05472604135632882
2 0.36347954598901416 0.5393470204732767 0.045523100158284535 0.062975188998964
2 0.3415386983380121 0.6230692030620999 0.04511392319868044 0.04891268899896399
2 0.25778450930421404 0.8469840461138398 0.030960494985435006 0.045132717535011226
6 0.4551528497625732 0.07426896495136803 0.0857054824490227 0.14853792990273607
0 0.6873803280549609 0.0428573182397463 0.09711434389007838 0.0857146364794926
0 0.6470615534443546 0.12434048883685747 0.10952341567683313 0.1174486732831983
0 0.6027994249145401 0.2512326286216098 0.09820548244902269 0.15749147642635145
0 0.5576423861181689 0.382067405709915 0.10855194906292791 0.13768839867609248
0 0.5107864550019297 0.517662457405326 0.10909751834239997 0.1564383986760925
0 0.4654786520197935 0.6804920971900783 0.13652383636823107 0.18736306699689215
0 0.4173724579714305 0.8590558988854895 0.14134772868809903 0.19226889081820958
2 0.3081458736482635 0.7517956705971112 0.062148310503983596 0.09807793507002263
