0 0.6814940677664495 0.68828125 0.2570507207078691 0.3625
1 0.6930524650226741 0.80625 0.0778211631118273 0.0484375
1 0.6902481705102249 0.5703125 0.0886522472985769 0.0734375
1 0.7447676124906601 0.7015625 0.08463114718563744 0.1921875
0 0.13367121779468438 0.65859375 0.21237525753957193 0.3734375
1 0.23548507580013162 0.5421875 0.038470236775233244 0.0703125
0 0.20120181008570323 0.46328125 0.09009292093374795 0.125
1 0.23437062585660134 0.4828125 0.0394867052052021 0.0609375
6 0.4367415518402596 0.83203125 0.18960561547443203 0.33125
3 0.48569499133103344 0.8140625 0.07207096302712265 0.1375
6 0.4746917889684287 0.53125 0.16104099971765126 0.296875
3 0.5197914573419279 0.58125 0.06336382096198286 0.0953125
0 0.2828271815276788 0.05390625 0.10002936305535756 0.1078125
0 0.25655935509226263 0.1796875 0.11387903142885678 0.1578125
0 0.23711765230613496 0.3421875 0.11535052616718486 0.15625
4 0.19250934954824211 0.475 0.052745568401734035 0.0203125
1 0.4929643758566014 0.4828125 0.03231124203690498 0.071875
6 0.522336273536349 0.15546875 0.12008279977412109 0.2375
