5 0.7049595593438969 0.590995566787495 0.02496576674922295 0.03390411910658777
5 0.6851051317174723 0.6500965849844601 0.034049668320799496 0.02809076674922295
1 0.7734889656729844 0.2714515082676584 0.02496576674922295 0.03390411910658786
6 0.7462459929661774 0.7075131327509298 0.10390851984959504 0.32289815260503385
1 0.7626286641824611 0.6240842026433059 0.023767139784752266 0.04164384449948209
1 0.760663749790603 0.581896702643306 0.03939213978475227 0.04237159057054054
6 0.7058180078533736 0.9277270095105127 0.0940154813887503 0.1445459809789746
1 0.6982067150493027 0.9648675603773542 0.031254308105551944 0.06849744292790554
1 0.7202957307650685 0.903531954091048 0.04219180810555194 0.0690068651776464
6 0.7774958771693584 0.4244309590534467 0.09002149420903169 0.22558650496239868
6 0.8070591368892682 0.18882309883819898 0.06418243217453856 0.17293238585581086
