2 0.58828125 0.64609375 0.09140625 0.05859375
4 0.559375 0.7421875 0.03671875 0.03203125
2 0.58125 0.85 0.096875 0.0953125
1 0.6125 0.3703125 0.02578125 0.03046875
1 0.6640625 0.45234375 0.02109375 0.02265625
4 0.66015625 0.49765625 0.021875 0.0140625
4 0.63203125 0.540625 0.01875 0.01484375
4 0.64765625 0.415625 0.03125 0.01796875
2 0.62421875 0.29765625 0.10390625 0.04375
1 0.675 0.134375 0.02109375 0.02734375
2 0.60390625 0.13359375 0.103125 0.08359375
3 0.7265625 0.3828125 0.0359375 0.140625
