2 0.7390625 0.15859375 0.08984375 0.07265625
2 0.74921875 0.06875 0.05078125 0.0609375
2 0.71875 0.28359375 0.07265625 0.071875
2 0.70546875 0.403125 0.08359375 0.0640625
2 0.709375 0.5671875 0.109375 0.06328125
0 0.5 0.43984375 0.1515625 0.290625
2 0.53984375 0.52734375 0.05234375 0.06328125
0 0.46484375 0.703125 0.1515625 0.2046875
2 0.4421875 0.72734375 0.06328125 0.05703125
2 0.4390625 0.61875 0.03828125 0.0671875
0 0.4328125 0.8984375 0.14375 0.18203125
4 0.52265625 0.365625 0.096875 0.05625
4 0.553125 0.41640625 0.06640625 0.05703125
4 0.50234375 0.46796875 0.10625 0.0484375
0 0.55625 0.13046875 0.153125 0.20859375
