0 0.38125 0.89296875 0.128125 0.2140625
4 0.33359375 0.8828125 0.0484375 0.0796875
0 0.4765625 0.1109375 0.103125 0.221875
0 0.44765625 0.32265625 0.1125 0.165625
4 0.36015625 0.60390625 0.03125 0.07109375
0 0.409375 0.69453125 0.125 0.16953125
1 0.62578125 0.696875 0.0578125 0.021875
1 0.709375 0.03828125 0.053125 0.0203125
6 0.66484375 0.2703125 0.11953125 0.33828125
1 0.69921875 0.1234375 0.0671875 0.02578125
1 0.67265625 0.31328125 0.06328125 0.0703125
1 0.6640625 0.43515625 0.0546875 0.07578125
1 0.6875 0.1796875 0.0484375 0.06875
2 0.5234375 0.6 0.07265625 0.08203125
2 0.5140625 0.68984375 0.0671875 0.0984375
1 0.615625 0.94375 0.04375 0.02265625
6 0.6296875 0.58046875 0.09453125 0.19375
