5 0.49375 0.221875 0.03125 0.0296875
3 0.80078125 0.196875 0.06484375 0.0375
5 0.6078125 0.44453125 0.03984375 0.0375
5 0.6140625 0.74453125 0.07734375 0.103125
6 0.68515625 0.5796875 0.1015625 0.1984375
1 0.6921875 0.6234375 0.04453125 0.0796875
0 0.45234375 0.92890625 0.1078125 0.13828125
0 0.46171875 0.78984375 0.1265625 0.1375
0 0.4484375 0.6078125 0.134375 0.15
2 0.42578125 0.11015625 0.05859375 0.0765625
2 0.6015625 0.0234375 0.04921875 0.0328125
2 0.7296875 0.7140625 0.04921875 0.03359375
