3 0.6859375 0.38984375 0.08515625 0.1
6 0.5 0.84375 0.08671875 0.2953125
1 0.46328125 0.95546875 0.03671875 0.06796875
1 0.5015625 0.88125 0.03984375 0.06953125
1 0.52109375 0.80703125 0.03828125 0.07734375
6 0.57421875 0.6546875 0.08046875 0.2359375
1 0.5578125 0.70390625 0.03828125 0.0734375
1 0.584375 0.6015625 0.03203125 0.0765625
0 0.1953125 0.91640625 0.115625 0.1671875
0 0.27109375 0.73984375 0.1 0.203125
0 0.33203125 0.56484375 0.09296875 0.1703125
0 0.3671875 0.45859375 0.08671875 0.1328125
0 0.4125 0.32734375 0.08828125 0.15625
