1 0.4935564010288497 0.42416887322576546 0.030398205331134066 0.07976309471009327
1 0.4817443743066724 0.5006935758707188 0.023784492478152685 0.06689907366340578
1 0.4674067411580044 0.5708317706231643 0.036284492478152686 0.06762711575678075
1 0.4525917348897982 0.62456371537561 0.025028743731793847 0.05605257892507769
2 0.40510062094146004 0.6810720496329468 0.07690949247815268 0.06999325256024883
1 0.4473563171013941 0.6858729416980867 0.02392088479802066 0.07158657366340578
1 0.4057862457103509 0.8386570364787671 0.03123327962517113 0.05485409997176518
1 0.5623241552519918 0.0803271389401938 0.041335705331134065 0.08040013154179623
1 0.5491769490629279 0.16457333632347532 0.034949313011265914 0.07534861049510884
1 0.5270411877801567 0.26155475213672574 0.04242684389007856 0.11790013154179615
