3 0.8735086062934767 0.9421875 0.08886392319868044 0.046875
1 0.5077495624825407 0.85703125 0.07231292069139812 0.06875
0 0.5635342127199674 0.9484375 0.112375631037097 0.103125
0 0.5689478237653116 0.75859375 0.11804662100796719 0.190625
0 0.5677166297169487 0.58203125 0.11562030298213628 0.1609375
0 0.544647539587794 0.43359375 0.10551787727617316 0.1359375
0 0.5324093347188784 0.03984375 0.08669366943775678 0.0796875
1 0.8555037862225816 0.61875 0.085978267088759 0.1625
1 0.8411875704666064 0.47578125 0.08515991316955045 0.134375
2 0.4893162157559753 0.14296875 0.07213106426490726 0.0625
