1 0.54765625 0.0265625 0.0359375 0.053125
6 0.65546875 0.50234375 0.19921875 0.99453125
1 0.5625 0.07578125 0.03828125 0.04375
4 0.546875 0.128125 0.04453125 0.05390625
4 0.63359375 0.021875 0.04765625 0.040625
4 0.64296875 0.12734375 0.06015625 0.1296875
4 0.6296875 0.240625 0.07734375 0.1046875
4 0.65234375 0.4171875 0.096875 0.1890625
1 0.53125 0.31484375 0.04296875 0.05546875
1 0.571875 0.3234375 0.04140625 0.04453125
4 0.54609375 0.4046875 0.07734375 0.1015625
4 0.6265625 0.55234375 0.06171875 0.0484375
5 0.63671875 0.55 0.109375 0.06171875
4 0.63984375 0.65703125 0.07578125 0.109375
4 0.62421875 0.78203125 0.08828125 0.1328125
4 0.63125 0.94453125 0.08359375 0.1109375
1 0.7328125 0.68828125 0.03671875 0.06484375
1 0.73984375 0.25546875 0.0234375 0.0578125
1 0.73984375 0.3546875 0.0234375 0.075
4 0.51796875 0.95625 0.04765625 0.04375
4 0.52109375 0.76796875 0.04765625 0.0453125
