5 0.4025643615411111 0.9084103801758662 0.05437996515360979 0.036246572208707306
1 0.38582824012689915 0.9850546934075828 0.035248019237293704 0.02519998789975162
2 0.5116393274125108 0.4242802989901689 0.13950398801910033 0.14765677088084708
1 0.46186753902274164 0.1496257326351943 0.024910719962933214 0.04232385538619425
1 0.5515699344835706 0.04131326288581532 0.04059028366526398 0.04397725897699044
6 0.7242782589856747 0.10825181977282008 0.15456848202865067 0.21650363954564017
3 0.7612003948278568 0.0126893348981306 0.04322421034428636 0.0253786697962612
6 0.6517211795894291 0.37191330221162267 0.13236609981466554 0.2116647287263694
6 0.6039284872164922 0.622140561188613 0.12251987386128249 0.24285109621281203
6 0.5430008777831798 0.8458871333973201 0.13225697241000384 0.20853972872636922
3 0.645649739663563 0.4563064829297819 0.04344246515360979 0.03618293969514959
3 0.7122742775899962 0.20362638964383603 0.04193452885594055 0.03773634933607006
