1 0.3828755342598822 0.25450583889812356 0.07218261646291486 0.09805018083635879
0 0.39612024197094126 0.41759608790954045 0.16730476594251648 0.21730419961943923
5 0.4356297992978876 0.4394737465027778 0.0887150192218769 0.08625051779449713
5 0.4170978052907814 0.38464166646472175 0.05911605042954129 0.05697951186299814
1 0.3109517831282284 0.6598565251716899 0.06930992198083885 0.0729865138401646
1 0.28057596562451687 0.7973220330803553 0.07950379353213641 0.08899351581733086
1 0.2664459458368131 0.9161184540308824 0.07646068068726616 0.0904286818249421
0 0.3110247834669127 0.8853340276431478 0.15243003844375372 0.1714823636498842
0 0.333669988125754 0.7497493547154543 0.13771244120271575 0.15840936068413444
0 0.3770437726127788 0.5913983438410394 0.14798155585660827 0.20560269566510633
