5 0.4297897514085126 0.762088853600219 0.06096667490485981 0.04182793507002245
4 0.5127202455141947 0.39173565819111433 0.05624468281352524 0.07903683664159918
6 0.4375013641069946 0.22836882506417186 0.12287772037968576 0.2599272717116217
4 0.43112934730108055 0.3082018742783836 0.048466674904859806 0.04124573821317572
1 0.41800194760509174 0.22849725765299506 0.04211851581733086 0.0768193651776464
0 0.31699397965968285 0.8702716887940761 0.10457870653952135 0.19357452564056316
0 0.34877185616114814 0.6644925696874884 0.11965987847863166 0.21922949710451595
0 0.38005498414548816 0.45171858788445346 0.11596187551288209 0.20502144789030421
2 0.6034526748676787 0.32746764288963337 0.05576452174882984 0.10552656203449332
6 0.5427924757053502 0.878469370763727 0.15457870653952135 0.19590331306795078
1 0.6053123107235031 0.4731975198541042 0.07409802768032883 0.13445208271265763
