2 0.5541354598820163 0.45161266526100335 0.08528683664159917 0.05408861067790856
2 0.567116995242489 0.31076039859168525 0.09455482878371627 0.08542951734563582
2 0.5768622146395271 0.13398881325591266 0.07940070967712849 0.06182838534372679
2 0.5645272661255413 0.7250774372613215 0.08503427956950453 0.08219542934436319
0 0.3774190260503387 0.8867160132877293 0.12581344499482006 0.220095418682363
0 0.3911946199306482 0.662215452617775 0.10793674028009033 0.23862724267981755
1 0.39373096091547355 0.5488432959500478 0.02220463978475227 0.040861357336090795
0 0.392288277293193 0.4339540926161842 0.11814649420903178 0.22312951201463563
1 0.42037473593686414 0.39923364727882066 0.029109611248705036 0.05499658267027261
0 0.4170891083532209 0.16086149061109345 0.150274097599854 0.3093942760184537
