0 0.32573305995386576 0.32064163978723986 0.1445874360279987 0.21453147881213833
4 0.3285682533020469 0.21117563452556798 0.07087612133990877 0.05253273677523325
0 0.3500261773154099 0.11155506612383397 0.10988517202418073 0.18440436305535762
1 0.3320932426400467 0.1766186240022243 0.07229317067154524 0.04012374203690507
1 0.3263966786282745 0.26361038978723983 0.09098862667090887 0.03652830517696728
5 0.38581658461968404 0.3233879372128737 0.03470226400381797 0.030127115756780665
6 0.49201729988864146 0.7910998110033365 0.13951922270845252 0.31572995776545093
0 0.27878095588005103 0.866757776590708 0.15583401869827132 0.2417310156438411
0 0.318445081914413 0.6114941529414194 0.13092492536599848 0.2480874314570915
2 0.3151222766152296 0.36029567398810686 0.07254770934118149 0.06199874203690507
4 0.3663420679901368 0.051270013507115464 0.06936816534054513 0.057129231513561377
1 0.5563210833068194 0.16277811895231395 0.03522952267663584 0.07543961575678067
