1 0.5984375 0.396875 0.028125 0.040625
1 0.57421875 0.4453125 0.03671875 0.03828125
6 0.41640625 0.5640625 0.1078125 0.2953125
3 0.42578125 0.45234375 0.04921875 0.0515625
3 0.40546875 0.5015625 0.04765625 0.03671875
6 0.515625 0.26875 0.1453125 0.30625
3 0.46015625 0.234375 0.03984375 0.028125
3 0.5125 0.04375 0.025 0.0171875
1 0.39296875 0.65703125 0.05390625 0.01640625
6 0.37265625 0.8453125 0.096875 0.275
1 0.3703125 0.7234375 0.05234375 0.02265625
1 0.44921875 0.40625 0.04609375 0.01875
1 0.45625 0.35546875 0.06015625 0.01640625
5 0.65078125 0.2875 0.21171875 0.1203125
5 0.73359375 0.3125 0.03828125 0.0296875
