6 0.6330006489172787 0.5667263533430908 0.21008100831327034 0.24024424668035033
2 0.6377767286215921 0.6503064678044714 0.08315949247815269 0.06609769867214013
4 0.6386656272096662 0.600292832265852 0.03211381802583091 0.029869307181592218
5 0.6189548692921074 0.5136740762157277 0.26786476458147634 0.1859021803253757
4 0.6957052373970807 0.573393988979906 0.024119461599340218 0.023573855386194255
4 0.624361434810656 0.5652138503180287 0.11427310015828454 0.06159200585373235
4 0.5930372269722394 0.5091365671405415 0.1611026360516618 0.06030221662612103
4 0.5831129945232167 0.3560433833973201 0.030233069279472245 0.018922716822512696
4 0.5888819582341279 0.2052030460633026 0.028897889812585474 0.026726126463433177
2 0.5666312220241816 0.084999630372258 0.07762019780928675 0.14417724687674202
4 0.6516092787672413 0.21265193170011787 0.08500680047485361 0.18327610831306052
1 0.5326834340192331 0.26100813934924844 0.014789925705962936 0.02508181323171659
