6 0.59375 0.25234375 0.284375 0.47421875
5 0.67265625 0.10234375 0.11953125 0.19375
4 0.6796875 0.03828125 0.075 0.07421875
4 0.6640625 0.14453125 0.08359375 0.10703125
4 0.51484375 0.2515625 0.04609375 0.0234375
4 0.59921875 0.3125 0.0359375 0.0234375
4 0.60390625 0.41796875 0.0625 0.02265625
4 0.621875 0.45078125 0.0484375 0.01484375
4 0.58125 0.51640625 0.04375 0.01796875
4 0.5390625 0.853125 0.028125 0.02890625
2 0.50546875 0.9734375 0.04375 0.0515625
2 0.48125 0.81015625 0.0453125 0.05859375
2 0.4875 0.721875 0.05703125 0.0796875
2 0.4984375 0.63671875 0.06328125 0.07890625
2 0.58046875 0.36328125 0.06328125 0.059375
1 0.6515625 0.5953125 0.02109375 0.05625
1 0.62109375 0.8765625 0.02421875 0.08359375
3 0.64140625 0.8875 0.0265625 0.12421875
3 0.66171875 0.75 0.02578125 0.13671875
3 0.6765625 0.6328125 0.02421875 0.07890625
3 0.68671875 0.53125 0.0234375 0.0875
1 0.6015625 0.70234375 0.0171875 0.034375
1 0.6140625 0.57734375 0.02421875 0.053125
