6 0.4815632402574721 0.35618463873700945 0.20800696347211095 0.2903328301668678
6 0.3286463404990581 0.6283827860689045 0.12402170129724625 0.21880531094499087
3 0.3236627857105197 0.5664593181810801 0.04155230032431163 0.05525406603337366
5 0.3842959172016938 0.9099503686106214 0.07735343262955982 0.049324970601357876
6 0.25669702272158085 0.8439425090451115 0.1324614926931041 0.25515224672063963
6 0.48110572402541774 0.10638935662483381 0.09658644805083547 0.1674132293077851
3 0.4536216521907507 0.14163413783249829 0.017569329545304768 0.022775758706427274
3 0.48180910754848194 0.057252493779963574 0.04936480032431163 0.05566350180902231
1 0.31588328773911456 0.6573742452503015 0.06754205600635448 0.023833647670579338
1 0.23824307751011933 0.9046376696059897 0.06129205600635448 0.023506099050060313
1 0.24640045088691384 0.8800880489592032 0.07225682954530477 0.02564180913596843
1 0.2798111943940921 0.7819305099496228 0.05347955600635439 0.02309666327441153
