0 0.7857857202210984 0.4219046770424658 0.09005572745980875 0.19379477360693614
1 0.8095849392038519 0.39466734285571625 0.03815927956950453 0.08325211575678067
0 0.7960638248547749 0.06410008983665086 0.06301803846084475 0.12820017967330172
1 0.8120505438375283 0.03676404511244015 0.04172092721213971 0.0735280902248803
6 0.6626500889134015 0.6037678690229011 0.12912253556536069 0.26307539462538865
6 0.6857409483000797 0.8640683321911983 0.13827490363849115 0.1919284367187636
0 0.7818325442473038 0.8247867533367076 0.10528262117350237 0.21961382096198284
0 0.7874146484666954 0.6082517007199891 0.08947353060296184 0.18129477360693613
0 0.7936045665826073 0.23657412179491139 0.08863877667402047 0.1968287683452643
1 0.7091825248119936 0.3582131743410427 0.037140435070022626 0.06137711575678075
