2 0.5539531759737947 0.4082259587444055 0.09113873035529281 0.079143154678545
2 0.5356162448327135 0.4830532360757238 0.10087760339082212 0.08706474267981754
2 0.5182960041383383 0.5696174447405875 0.0999315334984459 0.06675224267981754
2 0.5414017103008102 0.6441452774108601 0.08794095574818694 0.07754429201145392
2 0.4488202963232368 0.8361413260661787 0.06472177956950453 0.08195907200827221
2 0.4467782992187209 0.9471151887332695 0.06348461124870504 0.055396572008272214
2 0.384717216710951 0.6180902127227702 0.03804796360606986 0.04573067067154533
0 0.45920360215247713 0.4118134880649061 0.11069355913900907 0.16369996801399936
0 0.4028614410703878 0.7152288420591791 0.10691358767505647 0.14960110534690846
0 0.4333024199779386 0.5819169027291335 0.08427230024766903 0.09936474801081766
0 0.3694923612532143 0.8946254407224519 0.1161088052100677 0.17937951201463562
6 0.6356247452469983 0.6350799074235868 0.14681514970954979 0.20159995735199915
6 0.5905497239496613 0.8979793494191324 0.14437935442427943 0.18283177601845396
2 0.4738911484712046 0.2978600760661788 0.07932793507002245 0.06026588534372675
