6 0.5706177894598066 0.81916922228249 0.13177005766563052 0.2532761917107738
1 0.5648314569180896 0.7685153062748789 0.03764384215265544 0.09352450692008211
0 0.3694647252354552 0.8351947647915665 0.16367515490666856 0.2670495316346617
0 0.42806404002563336 0.6237678334609161 0.1382723631835546 0.22859452669174568
4 0.5201885057657512 0.34990722771969757 0.0407821302577247 0.03440417490485981
2 0.5827770369734158 0.31917188087572745 0.0354328889641522 0.05133700692008221
0 0.4734540258921392 0.4590713220922097 0.11443207146044046 0.19020318874502423
0 0.554449561849502 0.12224780133196297 0.09913462008095948 0.19581651878308032
1 0.6157831252808837 0.7398199619023668 0.04240658525525039 0.12490184091247088
6 0.6110026927845954 0.6037869614080751 0.11729812188998175 0.24489068874502423
1 0.6450501441640764 0.5961362874917986 0.031973696291098364 0.07458350593149898
1 0.6297394046795259 0.6625252914461311 0.03707063206674697 0.08258700692008211
