0 0.396875 0.903125 0.06875 0.19375
0 0.44296875 0.7234375 0.05859375 0.14296875
0 0.4734375 0.5265625 0.09296875 0.1890625
0 0.50078125 0.340625 0.09140625 0.17890625
0 0.54140625 0.12265625 0.07421875 0.23984375
5 0.5625 0.17890625 0.06328125 0.09296875
5 0.58046875 0.040625 0.07734375 0.07265625
6 0.59453125 0.64140625 0.2203125 0.2734375
5 0.60625 0.603125 0.17265625 0.09296875
5 0.58515625 0.709375 0.17890625 0.084375
5 0.5640625 0.97734375 0.05078125 0.0234375
3 0.68203125 0.65703125 0.04609375 0.025
4 0.55390625 0.64453125 0.0984375 0.03046875
