6 0.44741494460216114 0.6854325969174062 0.12297587946721471 0.22539338410204496
4 0.5102743833471854 0.5841577942301005 0.03057883794672147 0.02360409997176518
1 0.46685069410786967 0.6889139126883043 0.035168178859192524 0.05972361049510884
6 0.3730357326254324 0.8964541259271886 0.08563770555093822 0.18892526308359264
0 0.2576481545645426 0.8646742339326359 0.13244372136826899 0.2664734104104042
0 0.32888246190236675 0.596302936507002 0.1292550543720746 0.2647288998870604
1 0.5749655775294171 0.4571472441736308 0.04218218281352506 0.07883763154179615
0 0.4050125162744413 0.3423126574972196 0.1311358893530466 0.2726324051487324
0 0.46674714821311414 0.11489258376322657 0.10088070357377177 0.18046031570031099
1 0.6726124876427104 0.0979080230422388 0.03274351581733086 0.07672909997176514
0 0.7336653927759066 0.15628123613994868 0.09300453657757739 0.1784427893919517
0 0.6886845207230656 0.33769085985982433 0.07313770555093821 0.18819722099021768
0 0.6373409021302657 0.5022847099021767 0.08481003460041112 0.16861276308359247
0 0.5772934455907444 0.6882985336361698 0.09290637749004844 0.21428928413027998
0 0.5247255666178211 0.8930271115987652 0.10610671444818678 0.21394577680246946
