3 0.5308758345610425 0.7670630715266802 0.040654174904859806 0.04133763154179633
3 0.6145014876798914 0.301727226887174 0.043397172927693364 0.032144642065139985
3 0.6449198636498841 0.10652884797621373 0.04910334486680377 0.05741765785015547
1 0.6492465607978652 0.2511511032378856 0.02834517589344294 0.04529708944842144
1 0.6242876645619175 0.3497097005788148 0.025793178859192523 0.05917757892507769
1 0.6115276793906651 0.42093225319553335 0.03842051285158128 0.0630306210184525
1 0.5933626112156072 0.4940358242281032 0.03504084486680377 0.056598610495108836
1 0.583950460531035 0.5705451163214781 0.027037343878220453 0.05145608418674961
3 0.5513554778312406 0.6546694873399306 0.022957338935304605 0.02783657366340577
5 0.7134562298084071 0.6546254427568943 0.20515702669174588 0.13821117349399667
1 0.701630050454923 0.5950152243269253 0.03102450692008212 0.03454159997176518
4 0.5221175998840817 0.8404018609892191 0.015017504942915849 0.024256547355046364
6 0.6940086210642578 0.15904398712816906 0.18451024015134934 0.3180879742563381
