2 0.5244658924528821 0.9119890130772077 0.04317098997087001 0.0889186562606021
6 0.6120213122198432 0.2096427738769811 0.11528533386094857 0.20694445916315987
3 0.6517764825155298 0.291763303914048 0.04515938730530315 0.04996528366526398
3 0.6572285121407009 0.23850189465822086 0.04511392319868044 0.04840278366526398
6 0.6149176770261111 0.43197164166299595 0.12520590314042082 0.2260218413771451
3 0.6507247963847256 0.3815524902117171 0.054397994985435 0.04560516587924912
6 0.6351917584462843 0.673985526872206 0.10958090314042082 0.22547620435383636
6 0.6374205335191089 0.8924354265093862 0.0892851235152495 0.17169643992586608
1 0.6334400756806924 0.9487672720628826 0.04989235141192587 0.05169147477225664
1 0.6390656015449399 0.8627206446582208 0.044522889812585655 0.028090283665263983
1 0.6391207404995956 0.6730678676163789 0.04286946159934022 0.024910719962933214
3 0.6558920180131956 0.4453694535512282 0.02719899749271768 0.02280258293962447
4 0.558409264252272 0.41599446679807217 0.04764788981258548 0.028199411069925694
