2 0.30234375 0.72890625 0.1078125 0.04921875
2 0.3140625 0.6046875 0.05078125 0.07109375
6 0.14765625 0.60703125 0.115625 0.23515625
1 0.20234375 0.5984375 0.03359375 0.109375
6 0.09375 0.86171875 0.1359375 0.26796875
6 0.19453125 0.3703125 0.1390625 0.2265625
6 0.24921875 0.1375 0.14375 0.240625
2 0.38671875 0.175 0.05390625 0.0734375
2 0.32109375 0.68125 0.05859375 0.04453125
2 0.30234375 0.80546875 0.06484375 0.0875
0 0.52578125 0.32890625 0.13125 0.19765625
0 0.490625 0.546875 0.1046875 0.21171875
0 0.43359375 0.84140625 0.1234375 0.309375
