2 0.5046875 0.72421875 0.0765625 0.07734375
2 0.4625 0.496875 0.03125 0.0453125
2 0.56171875 0.53515625 0.0484375 0.05703125
2 0.60078125 0.32109375 0.0765625 0.071875
2 0.64609375 0.21875 0.065625 0.071875
0 0.253125 0.9109375 0.09296875 0.165625
0 0.3015625 0.7328125 0.08671875 0.171875
0 0.36484375 0.52734375 0.0796875 0.1875
0 0.40703125 0.3515625 0.08203125 0.165625
0 0.46015625 0.175 0.0890625 0.15234375
0 0.49453125 0.059375 0.08828125 0.11796875
5 0.55859375 0.0515625 0.06328125 0.0421875
