4 0.5729439473126943 0.07516541686396727 0.030870568401734032 0.021176318025830955
4 0.5641990078925078 0.018756292490787883 0.031523015785015575 0.005596782132453626
4 0.6450259467479971 0.6700065554229117 0.028018584186749608 0.025772889812585475
4 0.5067608363234753 0.5591335884132951 0.03261507892507769 0.024346782132453625
3 0.7641623545981524 0.7202686313663014 0.04434080517696728 0.09176160266556703
2 0.5932715438771646 0.9196368308914475 0.0987552893919517 0.08866534639736087
2 0.5910804413451508 0.8150629911580044 0.09294490514873247 0.12281302586424729
2 0.5863180756589573 0.7065147052646271 0.09148882096198285 0.0978130258642473
2 0.593039241542795 0.6076596681176085 0.09975634727034191 0.10585284639736088
2 0.5859709232116479 0.5130829540109858 0.09148882096198285 0.09781302586424748
2 0.5855698338338138 0.4124608283841652 0.07384629465362362 0.08950042069139794
2 0.5810804839326358 0.3086000424907879 0.06999325256024883 0.0769094924781526
2 0.5809747971432851 0.2532222207040332 0.08056673151356133 0.07097774122451135
