4 0.49450011490973467 0.9429540929268185 0.07597023677523325 0.07324118182494174
6 0.5462559758283665 0.5246988762543194 0.2746272306665153 0.950602247491361
4 0.5118402623777207 0.8392215978697344 0.07753273677523324 0.07330484882113666
4 0.5122505150791439 0.7659750988583175 0.07662268415851478 0.057679848821136304
1 0.4917490283039106 0.6949940953982763 0.03231124203690498 0.07302100593149916
4 0.532002301981434 0.7036488538012333 0.06401626834526439 0.08210684585538672
4 0.5337020388978415 0.6257785217860109 0.07119173151356151 0.07148768083635879
4 0.5254961547957965 0.5116523547898165 0.11914338410204497 0.1186465237259963
4 0.5565725785721419 0.41627352920038463 0.09341534200867016 0.10512785178688588
4 0.5821655708208084 0.26689295311666134 0.076409852532014 0.10755251482874754
4 0.5997409367187634 0.15381729155767437 0.08273544724210709 0.1358685158173308
4 0.6052636236492884 0.06129421053103512 0.055202710466874014 0.06460101087441492
0 0.3372644675829229 0.8929010603035735 0.09980112087727822 0.1880040187830801
0 0.3488180756589573 0.7031992317483923 0.0863756577089811 0.19836851581733086
0 0.37118038111827323 0.4983499056646689 0.08444913666229378 0.1920548488211363
