2 0.3151261989944788 0.43367528417751766 0.06813436379145843 0.10972199247815269
2 0.29224978381624955 0.5432405007914228 0.07958101006798621 0.13191524122451134
2 0.2585988695879508 0.6790727007122805 0.08136171561506958 0.14133570533113407
2 0.2282366095199646 0.8079645788463836 0.07754573138263901 0.11155727711788863
2 0.2028709739770131 0.9237115993003547 0.06657186379145844 0.10967652837152997
0 0.15816441812493007 0.5940635517284949 0.097025696047778 0.27763691818411546
1 0.160762088052812 0.6168107299417402 0.03215918977951393 0.03997178213245363
0 0.2215599965815275 0.3222854916202228 0.08063697663298637 0.24436977711788863
1 0.23366125949930533 0.2726037403665815 0.049855836056041714 0.062346887305303154
0 0.2710554227776735 0.11029996865896921 0.07663915444465293 0.20677884890464332
1 0.26298769642902764 0.15462663017916714 0.047021776785486226 0.07475595909205776
1 0.1717015476839579 0.5162795325281649 0.05210801386770836 0.024937815518548588
0 0.11704518959208268 0.7820576452228619 0.10345753400368078 0.2856312746106061
