6 0.3207401574624611 0.7549615975998538 0.21290474350388297 0.39085624813797326
4 0.2159180641174387 0.8765390370131027 0.0773807061685102 0.05044095574818712
1 0.2532953331921622 0.8712543775836432 0.0496102621748646 0.06944351282028158
2 0.2560715056754523 0.940858402190749 0.04621252678536116 0.05367296360606986
1 0.2948264939076248 0.7014534538861602 0.03530230032431163 0.05472604135632882
4 0.27486459577406386 0.7653147466902311 0.0459670649348082 0.03961046360606986
4 0.29924521265803666 0.6415519150110307 0.035465941558013636 0.06410104135632881
0 0.31550977191409724 0.23170603411761856 0.07476599512873605 0.16897263192686945
4 0.33362852637832413 0.24113669209933591 0.04462275324641087 0.052037688998963993
4 0.3460642966708636 0.1933177762597357 0.0414432061685102 0.048767139784752264
0 0.29039849796810985 0.4030523411897131 0.07937167451188501 0.16450345574818695
1 0.3207484711827486 0.3529453333318303 0.027707988635914303 0.0668621683207995
0 0.34112560633066596 0.08926597704552398 0.06470915665497756 0.12947348428423427
1 0.35680910754848194 0.04862386042013549 0.02099433847375849 0.040008569892376146
