6 0.5467433519255489 0.5194494470840679 0.2667588107892671 0.9165544934412793
4 0.5163894965388695 0.9137693351437088 0.08050566000954511 0.07448874491161739
4 0.5312161598902323 0.780260794325106 0.11152039735836254 0.19010710085908258
4 0.4473047838956411 0.7448389507021125 0.10134541868236298 0.12086577792830404
4 0.45468202657545875 0.6476364020815935 0.08995338534372674 0.08123006784239592
4 0.5401655405792768 0.6150485521270219 0.0984567760184536 0.14101450361804452
2 0.5668751332750027 0.39971680122251085 0.045985209341181485 0.06018722749876275
1 0.4772682879535476 0.31696625622003644 0.04129770934118149 0.05994156603337357
4 0.4777580892743664 0.40907186906490667 0.0873192813494537 0.12325379353213642
4 0.564268848623502 0.2882027691103352 0.07641814401654479 0.1258055834462281
4 0.588952317313819 0.1127966553609538 0.05274428668045381 0.10426477611928178
4 0.4834284759707286 0.19015809475464715 0.09685791335136287 0.13780761646291487
4 0.6122636426639092 0.0020383763009959033 0.06907726400381797 0.0040767526019918066
3 0.7069552406110935 0.3720754008383981 0.046076116008908666 0.06799972749876285
3 0.6986331159293669 0.4833813930364819 0.033430665340545215 0.0548446302577247
3 0.666571309874324 0.8902831682512525 0.04142497867599957 0.07087906603337366
