3 0.6433184025475872 0.3779486600890868 0.03735615626060227 0.04104317067154524
3 0.6899950282229683 0.09321967142740477 0.03801092068857255 0.059793170671545236
3 0.6758109879342824 0.18606115209258664 0.0634474303072194 0.0725840720082724
3 0.6272544037287135 0.4574816187539506 0.0438244110699257 0.04736589600572714
3 0.6147519145284868 0.5245509400859051 0.05078373920022692 0.06775112133990877
3 0.6023858345840871 0.5877140114178598 0.037410719962933214 0.042605670671545325
3 0.5965227257837469 0.6884679894175416 0.07224207694917481 0.10079997867599957
5 0.26686496371802926 0.8628294533736345 0.05492560217691818 0.052180665340544864
5 0.2365102864060348 0.971114120703362 0.07636409255827141 0.03993520401018138
1 0.4898932359505478 0.8771481340706331 0.06997024881887377 0.08046929734245438
1 0.47714521008983224 0.951232880032612 0.06275794954451293 0.09753423993477597
