0 0.11654529435600747 0.6095608314802851 0.08466855357097236 0.14734769867214012
1 0.13247811246027824 0.5555545875304093 0.03688305737069451 0.04083407825883114
5 0.1653269800514588 0.5569261899897373 0.050981924961875036 0.04247839149054773
1 0.07593978457236168 0.6777750211754346 0.036701219414791694 0.03302157825883114
0 0.2435552039315627 0.2587745154198981 0.07024237765916679 0.13164088544042354
1 0.27602286502572937 0.2773381630587659 0.032450130508958355 0.0517443071815924
1 0.23652395393156272 0.25881542203575636 0.03641027868534721 0.020521578258831143
1 0.27269588364309044 0.16796770823830576 0.040626306420763925 0.06741475897699045
0 0.3042166809457987 0.07969152429869268 0.07405836189159735 0.15938304859738536
4 0.3083229526972917 0.08728078962039494 0.05410692496187508 0.04249657220870699
1 0.32256598423243055 0.028408292399967366 0.03415810087368065 0.05681658479993473
0 0.1816396982319795 0.4185313105012421 0.0888482137152085 0.19267837939029936
1 0.20142421494947946 0.3621585906536672 0.04905574905006951 0.026844301131468205
1 0.19744784260864626 0.49344949726952547 0.03521145459715278 0.036137487899751616
1 0.15013904435600747 0.6093653887600732 0.0321955573706945 0.04080680718159222
6 0.26561661436013934 0.5016478166495622 0.14909603590354187 0.23052381303532493
0 0.04683612566239651 0.8037426235365668 0.06035953780340293 0.17688975292686634
