6 0.40703951882064676 0.7005713107961482 0.2869522679875681 0.5372261339937842
4 0.30494186373441357 0.8339531991331585 0.09928087014004516 0.12311647642635144
2 0.39587723284100146 0.8063311592245717 0.047388730355292806 0.08016268899896417
4 0.37801118259333244 0.9053872433849713 0.10182367328319834 0.11076202564056317
1 0.3094731600531412 0.7199270864367113 0.05193068114108117 0.07725601282028158
4 0.4215943244449994 0.6726089766357484 0.1014641083532208 0.16999147642635143
4 0.4258752177444083 0.4970096631535131 0.06795809553293922 0.12009848428423435
4 0.34112988255055116 0.6093149181159119 0.10651117328319834 0.11098034946188058
2 0.4679835967757936 0.31263250910073714 0.0750086162111037 0.13757708271265773
4 0.4864168813076969 0.15118558685099615 0.0643193651776464 0.041973484284234266
