2 0.54195257231548 0.7998656342117714 0.09946645407749273 0.09131729065319458
2 0.5397953757598346 0.9546076855985423 0.10369931301126592 0.07580139342673604
2 0.5142163657307048 0.866453068957292 0.05222774122451135 0.07772626291777769
2 0.5299887475592244 0.45873148793524354 0.1128924565847754 0.06976959897381967
2 0.5495905422280905 0.5373656342117712 0.14119931301126593 0.07667421561506949
6 0.6532417618114965 0.8978329683679519 0.13505226458147632 0.1873935100679862
6 0.6623860589211379 0.5298278507767714 0.10574519780928675 0.14611389342673622
0 0.4562076374383171 0.8987194018792017 0.11643865690134447 0.1916445989738193
0 0.4378323397999503 0.48238523385118093 0.11166022868809904 0.18841049620027786
0 0.4522428661264161 0.7125636963321185 0.09503501834239998 0.1536718202884723
