4 0.5548649402209322 0.64929739936806 0.06298338479802065 0.07350609905006031
5 0.5152067098169736 0.792215239711693 0.1219946719450391 0.06411781094499105
2 0.5821007608205526 0.18701208333468644 0.08177884890464338 0.0760512449116173
4 0.6732509465556454 0.11963979760446619 0.06891513605166182 0.06289614767057934
2 0.6722674565847753 0.03261779031057649 0.04561402837152997 0.06523558062115298
6 0.47490465558119616 0.6440986442796773 0.14556386724704334 0.23072545680654793
0 0.3695937152937569 0.4399234786304166 0.12282504922121244 0.19989153663473136
0 0.3958964878592991 0.24136979195025665 0.10610891066226813 0.16157266508343388
0 0.43344063730530313 0.038447267074170274 0.10438127461060631 0.07689453414834055
0 0.3053914406166437 0.8149478120766446 0.14858121865896923 0.2808073439616777
