0 0.2171875 0.90625 0.134375 0.184375
0 0.30234375 0.69609375 0.1265625 0.19375
0 0.3703125 0.49765625 0.1078125 0.14296875
0 0.43671875 0.35859375 0.08046875 0.15
0 0.55234375 0.0625 0.06171875 0.11484375
6 0.49765625 0.88046875 0.07578125 0.23125
1 0.50078125 0.88125 0.0296875 0.059375
6 0.54140625 0.690625 0.1390625 0.23359375
1 0.56875 0.725 0.0296875 0.07109375
1 0.59375 0.6578125 0.028125 0.05
1 0.61953125 0.6078125 0.0265625 0.046875
6 0.69375 0.4296875 0.115625 0.24296875
1 0.65625 0.51875 0.0296875 0.04609375
1 0.6796875 0.45234375 0.0296875 0.04609375
1 0.7046875 0.4 0.03203125 0.06171875
5 0.78125 0.18984375 0.04453125 0.0375
5 0.73125 0.33828125 0.04609375 0.06484375
5 0.8265625 0.090625 0.03515625 0.0484375
