4 0.5298013591766303 0.6333104268307043 0.055778441558013724 0.06568518415851479
6 0.6108643985438933 0.6840014005929322 0.19766157304918774 0.41422764192396555
3 0.6678644208650276 0.6377564611727455 0.14365236282348767 0.1816279735504665
4 0.645015481742646 0.7842520295744796 0.046648903408566686 0.07920165258848363
3 0.6482086655900219 0.7801637690511359 0.0765000446422686 0.09030575256024882
4 0.6496911193229 0.6505217716819719 0.09226141233702041 0.09902830517696729
4 0.6742741079588143 0.5835316927568941 0.06507162094116267 0.06154371572854593
1 0.5744614740320083 0.846895513718877 0.06367276217486477 0.07082771046687383
1 0.5709621473260773 0.6449612873964004 0.042678423701106104 0.030582142065139806
4 0.6233622187537072 0.5045491190229011 0.05515115016215581 0.029747684158514788
4 0.6882697930207109 0.13941767171020678 0.028615923701106105 0.029763094710093262
