1 0.6586709485094767 0.3426968254914103 0.04658820967712849 0.06170115909060954
2 0.7029113316746912 0.9064456797934813 0.06639128742738745 0.051118215096963834
2 0.695173644537754 0.6563774959461055 0.05825345574818712 0.07751707386326193
2 0.5859760413563289 0.029615767453165676 0.08132708271265762 0.05923153490633135
2 0.592048412944116 0.08740139935467217 0.08437930810555194 0.06860572402541769
0 0.5253533343652876 0.40131962338008986 0.12043243217453856 0.1722761948044244
0 0.5436603403611435 0.5761423453769126 0.12533825599585596 0.17704551542127547
0 0.5575516741072587 0.7400957512211113 0.1280266083532208 0.16772506249917604
0 0.5791099586391619 0.9007877893705583 0.13918243217453857 0.17260347727182862
6 0.7666613085153273 0.8482553043880919 0.14187509263745515 0.2304159772718286
