1 0.6298203519683487 0.30602602165458387 0.025745409444528633 0.12870688145888892
1 0.622099276439992 0.4558259999030908 0.036873806985200555 0.16177395459715277
1 0.6111350262436004 0.5852407429692367 0.030087475799503237 0.06944098423243047
0 0.39483435713471016 0.8617038322563196 0.11259194535249044 0.2765923354873607
0 0.4166401376799187 0.5869629778672574 0.10476126463433122 0.2836502610179167
0 0.4477300146343312 0.29163294728204897 0.0829498971478884 0.294078614741389
5 0.5384176053861942 0.03596613516170184 0.08933521077238851 0.048947952697291755
0 0.7102567648307229 0.16807338639597283 0.062391957452738823 0.2514183360560417
0 0.6984436078220811 0.4201080118709381 0.06396354781181834 0.2530172036472223
0 0.6881702249157404 0.6682727549370838 0.05445219242562409 0.229361498100139
0 0.6809582094958422 0.8988797899876044 0.06843287919390768 0.20224042002479123
6 0.5355451946651193 0.7506462310013894 0.08732832493918145 0.24106271751493064
