5 0.3296544213876339 0.4170325282669884 0.08671929734245412 0.07169129353213641
5 0.47366333879690303 0.9712929030976462 0.07590906667727211 0.05741419380470773
1 0.5622707581158128 0.8820721093383673 0.046567012014635624 0.11018722749876275
1 0.555694588796903 0.974242501695451 0.04464088534372692 0.051514996609098064
4 0.3289684567949941 0.954203900384113 0.07776246801399936 0.09159219923177417
4 0.3363167854471311 0.8553956654221182 0.07612724267981755 0.1008055834462283
4 0.34087592142740475 0.7104107140426372 0.04605793467536321 0.06643722749876275
4 0.33473500942867745 0.7194581654221182 0.053888616008908666 0.06840916327441153
4 0.32912135610276805 0.7738181168015992 0.03306703866963616 0.0235946302577247
4 0.3431373080839961 0.6363557383528967 0.07287497334499946 0.08970430913596843
4 0.34983165607095124 0.5406714241285454 0.06991360534690845 0.1036030348257091
