0 0.28671875 0.37265625 0.11953125 0.19375
4 0.24453125 0.38203125 0.04609375 0.15859375
0 0.2359375 0.8640625 0.125 0.271875
4 0.1921875 0.76875 0.03046875 0.0359375
4 0.17578125 0.8921875 0.0234375 0.03671875
0 0.2578125 0.603125 0.1171875 0.25234375
0 0.309375 0.1359375 0.1125 0.265625
6 0.521875 0.1421875 0.12265625 0.27734375
1 0.52578125 0.15078125 0.04609375 0.10625
1 0.54609375 0.2140625 0.06796875 0.02890625
6 0.50859375 0.43984375 0.1125 0.30859375
1 0.52421875 0.396875 0.06953125 0.05
1 0.54921875 0.44765625 0.02890625 0.0390625
6 0.465625 0.81328125 0.13515625 0.3734375
1 0.4921875 0.8 0.0671875 0.05703125
1 0.50703125 0.640625 0.06953125 0.12578125
3 0.5625 0.2828125 0.03203125 0.065625
