6 0.4680713206697219 0.33401801433974365 0.20963479882131963 0.2808692466803503
6 0.303730838052812 0.6135686380727022 0.1252584924005557 0.2131999576491305
3 0.301261107904444 0.5518271621750032 0.04186149810013902 0.05336134933607006
5 0.34802047302708256 0.8927703247427898 0.07761716014423622 0.0457579275949012
6 0.22283994149194375 0.8326590056573406 0.13390744699770857 0.24918290944452864
6 0.477796385258611 0.08404074023744264 0.09753222948277802 0.16304542154477705
3 0.44881674686586787 0.12059586377400952 0.017696646276527873 0.021974993949875808
3 0.4805044643807985 0.03483108059652226 0.04967399810013902 0.05340680113146815
1 0.2897586038203814 0.6431788700205254 0.06766027868534721 0.02070338544042354
1 0.20187217164031174 0.8942641261688454 0.06141027868534721 0.020667024004104917
1 0.21104780309920068 0.8693141231437835 0.07238414627652778 0.022293156517662283
1 0.24853157893475633 0.7695186562230749 0.05359777868534721 0.020621572208706952
