2 0.3565521359119343 0.24765625 0.13803998982323468 0.159375
2 0.3409603561746079 0.39609375 0.14420810266810494 0.1578125
2 0.33634369798857894 0.52890625 0.13327724672063965 0.128125
1 0.4072703516520521 0.5171875 0.029346663274411534 0.053125
2 0.32736708842306905 0.65546875 0.1354948439616777 0.140625
1 0.27731177747807817 0.77578125 0.0393834045679843 0.0359375
2 0.3308528573062617 0.79765625 0.12438692559888347 0.1671875
0 0.1935608972203534 0.80859375 0.11793993102595039 0.3125
0 0.21100286126299056 0.47578125 0.14482997964646938 0.31875
0 0.24544089552287277 0.20625 0.10775934757972223 0.2375
