0 0.10703125 0.934375 0.1265625 0.13125
0 0.16171875 0.79140625 0.1046875 0.14921875
0 0.20859375 0.6234375 0.1109375 0.14765625
0 0.25546875 0.4515625 0.125 0.140625
6 0.42734375 0.78125 0.1171875 0.43671875
1 0.39140625 0.92734375 0.06640625 0.1390625
1 0.44140625 0.79609375 0.05234375 0.0875
3 0.46171875 0.72734375 0.05859375 0.06171875
1 0.48125 0.6328125 0.04921875 0.121875
6 0.54296875 0.39453125 0.1015625 0.365625
1 0.5296875 0.46171875 0.03359375 0.0546875
3 0.5703125 0.37578125 0.04765625 0.05625
3 0.6484375 0.1078125 0.05859375 0.0609375
1 0.58125 0.275 0.03203125 0.10234375
