3 0.6221428913302128 0.26789109858373106 0.11551620653952135 0.19031701201463563
4 0.3927923364638467 0.012734715308728406 0.06058467292769345 0.025469430617456813
2 0.6142017628515812 0.053819507916958366 0.07770850593149899 0.02901588534372679
4 0.27079783900966675 0.8144239373010924 0.05599001482874755 0.07093066534054522
1 0.3353723335724593 0.7878790712921837 0.09349001482874764 0.07136701734563573
0 0.2148144358536368 0.8791682373090465 0.13362953657757748 0.17491018801718106
4 0.24909393535934524 0.8764244979710469 0.06434634288963732 0.04603975334181811
0 0.27023281182362946 0.6854631433004561 0.12125687056996623 0.17788973734881744
0 0.3185390247517604 0.5090364559595928 0.12530770060802238 0.1623192813494537
0 0.3802909723568521 0.2597626146165023 0.10588653855474384 0.183957924013363
