5 0.47162695590061465 0.7195987160645879 0.0751727168225127 0.03056020401018138
4 0.5032905672387373 0.6488685927354968 0.047020445745273774 0.025545440006363405
5 0.520661437062871 0.21466631540417858 0.06896816861791084 0.03829997867599957
6 0.382076180914551 0.13101692671863396 0.09637607201231528 0.18392156134627213
5 0.4061772771273631 0.017227146721815644 0.05327044574527377 0.025618165340545118
6 0.37398590408177557 0.31296636071767947 0.09783857806243948 0.16675224267981753
1 0.3610506086076481 0.11905272871577047 0.03804542154477701 0.09418635200509069
0 0.3604586935057787 0.48938341004931585 0.11324540944452863 0.1294340560152719
0 0.35449854323463226 0.7080788660486796 0.10752265027114652 0.21998633068109008
0 0.3533031610156625 0.9135476160486796 0.11967721662612103 0.1607567813494537
