3 0.6070612613574952 0.9278692882166111 0.03656479139585791 0.03782090456798422
6 0.6384691741015527 0.8491201684743359 0.12492172808260751 0.27036781094499107
3 0.603143554378206 0.7481408446390463 0.039826159090609534 0.04579717887824373
6 0.6419491355483639 0.5566017978275495 0.12906375730360065 0.23936347241038014
5 0.6235303721556833 0.5298788455435574 0.0652079886359143 0.06898237336031983
1 0.637731825081078 0.04669120929293876 0.028588650162155817 0.028036468792335546
1 0.633944351866439 0.0980080478275495 0.0433329886359143 0.06783595318850329
1 0.6238457922033414 0.6820997648108628 0.06156479139585791 0.03913109905006031
6 0.6455302828711458 0.3593140400256334 0.10615236282348768 0.17884205223856356
2 0.88247335511285 0.16098716191561518 0.05736821509696384 0.06701043758467104
0 0.9034457430968459 0.602308202734218 0.08485010714144466 0.21050813206674715
0 0.9132535710205929 0.35929518713038583 0.08819329545304769 0.22317190637700657
