3 0.6570857143510015 0.7764880493505981 0.041135920688572546 0.06165013154179633
6 0.5922196277831798 0.8834735892013663 0.10651292794496676 0.23305282159726737
1 0.6092607948435553 0.9130479046546223 0.02189484736759475 0.046495568401734036
3 0.6471799462948342 0.8808115283039107 0.029325401451278665 0.03601309471009344
1 0.6034894552805088 0.9770716707572799 0.03359623920022692 0.04585665848544025
3 0.6380107882201334 0.9640412572572232 0.031215283665263983 0.04547909997176518
3 0.6536134847694216 0.8310845440889262 0.02625496515360979 0.03739358418674961
3 0.6776239367610053 0.5694490940748087 0.03321429328391083 0.05807010523343692
6 0.6175024030957413 0.6097863967621144 0.11745042794496677 0.2376203683170294
1 0.6391765064537859 0.6392309730563562 0.021041675497895797 0.06671706314006229
3 0.6725520016444625 0.647437586182301 0.026473219962933215 0.04364358418674961
6 0.6338169169755574 0.38919317570130957 0.11141868275429019 0.24350634727034198
1 0.6647469692451429 0.4450105361964184 0.028963302902557685 0.07029708944842135
3 0.6906919103521355 0.44182462301400394 0.042916675497895795 0.06799113680346806
4 0.6568997529104068 0.4007145046263873 0.05111112141421188 0.07938366311182729
3 0.6997792228733399 0.3609386440606913 0.026964293283910833 0.05770608418674961
3 0.7064682216922137 0.281478657214871 0.0535813569862416 0.06081567363517104
4 0.6779910468272898 0.2226728046122699 0.04044643992586625 0.08655912628012441
1 0.6929439242319516 0.22041235459815245 0.0290724303072194 0.07342208944842143
3 0.717346212706539 0.17173193089239427 0.04204365626060227 0.04299113680346807
4 0.6940401766790223 0.05451433881313691 0.04316964664195542 0.030582142065139917
3 0.7349379951906766 0.04906797561660499 0.03324900961864685 0.014411110495108837
0 0.4787598839432657 0.30109539427245285 0.10460319836338669 0.18229583148532652
1 0.5007514458314979 0.34386672319753053 0.025947430307219223 0.0732400789250777
1 0.6354041765093863 0.7024212177946844 0.02400298439090349 0.062211573663405774
4 0.6537350581752173 0.4913395046263874 0.054181557711881115 0.07800317363517095
1 0.669087239663563 0.5000620572431058 0.022222229581580065 0.05587056840173403
4 0.685870523413645 0.13153957039728542 0.06237600362819702 0.08939569994353028
1 0.709618047460262 0.10160914669152725 0.03392362141421188 0.07838260523343696
2 0.539298013625362 0.7868501547252095 0.060233150270152434 0.11733868942018652
2 0.5438565719702153 0.5890573968327016 0.08301588584218215 0.0999537683452644
2 0.554243489663563 0.49337317051022483 0.08285219473518968 0.09526626834526439
2 0.5684101717848808 0.3791209547110919 0.06997024881887377 0.0836007262518895
0 0.5163318389300743 0.07704324424421796 0.0642113221398514 0.09729920520520212
0 0.4560068863055184 0.45946933639406246 0.08394346878180663 0.1265162683452644
0 0.42844733757931197 0.6433970153614925 0.1179762176006804 0.2080238735787013
0 0.4019666500156984 0.8777402577160398 0.12139388347992952 0.2445194845679204
4 0.6651239698781151 0.3221267730422388 0.06043155771188111 0.07836719468185845
2 0.5906497926509386 0.10094274680446672 0.07583830290255769 0.0730272472985769
