2 0.07293334197541626 0.8335251315417963 0.08500103558899427 0.17330026308359264
1 0.10418736467564824 0.548527776237772 0.10780718281352519 0.082659852532014
6 0.20083694121648216 0.12782741033981707 0.1547988824329643 0.24127598933548197
4 0.21858551532303921 0.08521497611071517 0.06593801779449712 0.08801521046687395
1 0.21375875247145792 0.024140968218207395 0.03064250494291585 0.02516659997176513
1 0.22451186315559246 0.15414698663405887 0.02340300790866543 0.038774073663405864
1 0.2119919585166877 0.2103136866481763 0.0237850098858317 0.04814907366340595
6 0.7019192801517868 0.18351159407480877 0.1234560405319101 0.19892188936371685
3 0.6675097880604521 0.21891847305635626 0.036921679847775654 0.06450211575678075
1 0.5613167737631772 0.5393003205384598 0.018269838935304605 0.027563557878390377
6 0.44585884741262377 0.8809656338196963 0.1203018656270503 0.1597683841020448
5 0.44521951885744243 0.9035308785580245 0.04553267589344294 0.04629814732681155
5 0.4593019234963471 0.8474551838055788 0.07266817885919252 0.061907736775233244
1 0.4814740593521716 0.7029995285156722 0.030417011862997965 0.05788809471009326
