6 0.29815853403273956 0.6876972621407009 0.26298683740295703 0.4039219365265156
4 0.17301244911617347 0.7930560150436948 0.08255355042954134 0.057006169437756785
1 0.21055339269373832 0.7927461264847504 0.05837242198083885 0.07190374373179384
2 0.2016564275194474 0.8618598393377319 0.05294793758467105 0.05770485141192587
1 0.2819293464480685 0.6318337070469937 0.042010437584671045 0.057386602665567034
4 0.25066605834299904 0.6922089173926926 0.05064845318850324 0.04359688730530316
4 0.2969092152858326 0.5742796198208329 0.04406426051544958 0.06680706677218957
0 0.38388143430531074 0.17348634646386787 0.09650758706427273 0.17442098997087013
4 0.40090183796878387 0.18472772334432971 0.051221663274411536 0.054534387305303154
4 0.42122430404758593 0.13953724379830085 0.04793288896415202 0.05131845909205772
0 0.3299386420163698 0.3385861607287751 0.10086753844375371 0.16830738229073816
1 0.36822985809517184 0.2928728439565854 0.03633364767057934 0.06814224623907635
0 0.4350201311622359 0.05128004051223084 0.07941526232447185 0.10256008102446168
1 0.45710981512886234 0.00995034685957928 0.026719630257724704 0.01990069371915856
