2 0.4126031192349585 0.8305558936660388 0.18369426483072288 0.15475350405718977
2 0.3425860559050461 0.8801098344132734 0.08507495764913058 0.1217852711033185
2 0.4549764507152436 0.7289621659871731 0.10361587939029934 0.0861750535707225
2 0.5028230773750685 0.6282451456946336 0.19736587939029934 0.08781146590774291
2 0.5469043546006274 0.5516786915547183 0.10226245764913067 0.12208528003177221
1 0.5805390112164857 0.5592963226421507 0.0470568071815924 0.03206820616851012
5 0.6634328035673551 0.44044295697599384 0.10501475292686635 0.0580773271096728
2 0.6887822615110732 0.3666742203686744 0.08652837334017516 0.10306254464226879
5 0.7324368127407371 0.35103162945928396 0.05647725897699054 0.04004434740221221
5 0.8236289184215192 0.181547018257354 0.03457498789975162 0.03497501785690749
2 0.7506550267345796 0.25995266192668803 0.11171018052176755 0.13474892126547414
2 0.8497687167243168 0.1093544184195098 0.06614315046753845 0.09020798863591431
