5 0.07290533586107954 0.9808575434152246 0.04082498789975157 0.03555706677218993
2 0.12338660401145216 0.9278174599499878 0.11798745159900634 0.14090980799670091
1 0.11081738455666079 0.6476669586963464 0.10198065651766242 0.0748301669304741
6 0.10503799970541242 0.1915078869095917 0.1343033188890573 0.2601144490629279
4 0.11578005698520062 0.15759588816323294 0.058294289031219734 0.0844946719450392
1 0.09584428600615764 0.08863293949601644 0.028379530054229284 0.044568353919208284
1 0.13725560206654458 0.22260712272382674 0.02052157825883123 0.03652853338609487
1 0.13759649053203024 0.28120087272382677 0.019022710772388506 0.047420569279472156
6 0.5974795088787946 0.09131936147430916 0.10891243344863391 0.18263872294861833
3 0.5735289244716433 0.13333740492278737 0.03160452400410509 0.06184678213245363
1 0.5442969841873184 0.48112168705524105 0.017342036104353475 0.02706260517284953
6 0.5112996944687277 0.8532383794542513 0.10868517447164336 0.15313702335696497
5 0.5153332094958423 0.8749997191876947 0.04242384933607006 0.04185253087881265
5 0.5165548210303565 0.8163605050810719 0.06907725292686635 0.058250420691398117
1 0.5047491917382532 0.6674600038274308 0.02532725292686635 0.05697742570596294
