2 0.48359375 0.98046875 0.0390625 0.02890625
2 0.51015625 0.83515625 0.0703125 0.0953125
2 0.51484375 0.73046875 0.08125 0.0921875
2 0.5390625 0.63125 0.08828125 0.08515625
4 0.5265625 0.65625 0.02578125 0.0203125
4 0.60390625 0.6296875 0.021875 0.01484375
4 0.49453125 0.62890625 0.021875 0.01171875
2 0.546875 0.53828125 0.0890625 0.0765625
2 0.57421875 0.44921875 0.090625 0.06875
4 0.63828125 0.36328125 0.021875 0.0171875
2 0.58125 0.3875 0.0625 0.059375
2 0.58828125 0.29140625 0.04140625 0.090625
2 0.59921875 0.1953125 0.05234375 0.0828125
2 0.63515625 0.1140625 0.065625 0.0921875
