3 0.5257455101528603 0.9804007365929579 0.048901150162155814 0.027126121339908594
4 0.7337635251638034 0.20548091056655005 0.0544341298696164 0.07561816534054513
3 0.7623561294658745 0.22311330589595935 0.040098894480112966 0.059829533338636054
4 0.7770340584419864 0.0534456958943685 0.038181838473758486 0.03949885200509069
3 0.8107369025977877 0.04680479722314144 0.0222295560063543 0.020567038669636228
1 0.7612357345787245 0.1083059185630502 0.037082988635914305 0.06604317067154523
1 0.7472180990270653 0.15064795989818652 0.04656708279171564 0.07240225867281787
3 0.7968732256502709 0.12507524789150498 0.020748876623205348 0.0252363573360908
4 0.7075225791415629 0.27686556190327716 0.04451365909060954 0.0442590773392725
3 0.7522038336057898 0.267753643897232 0.020612508928453722 0.0174238573360908
1 0.69164243466145 0.3364132845719589 0.037055715096963836 0.06448067067154524
3 0.7327038112846556 0.3109405698997773 0.031795470779006865 0.031613626670908876
1 0.6781469504897626 0.39358998524032246 0.025763659090609535 0.04404090133672707
1 0.6190780933483178 0.6004854225811858 0.04851141233702041 0.0942954400063634
1 0.5764212146965175 0.7173643872533673 0.04242505357072233 0.1035977146721816
1 0.5266824931067318 0.8819723272597306 0.03576595048646727 0.08008748933799978
1 0.6477270190780187 0.4806450899109132 0.047303468343374885 0.11458975867281787
2 0.5613355515454229 0.4629041539226854 0.08000687418757338 0.1087215666772721
0 0.30417624757095857 0.8759694172899565 0.13167056006354425 0.2046158693507266
0 0.3684411193229001 0.6846353452816842 0.12361259821299111 0.19046246268299924
0 0.49277824066780446 0.31841890459900307 0.14169221671852164 0.3312692760184537
0 0.5712380259745823 0.07458654125559448 0.09943871266133186 0.14800224267981757
