6 0.3375 0.8 0.13125 0.36796875
1 0.32734375 0.72421875 0.021875 0.2359375
4 0.396875 0.9 0.06796875 0.0796875
4 0.3921875 0.75546875 0.03671875 0.07109375
3 0.4484375 0.27734375 0.04765625 0.0546875
3 0.44453125 0.371875 0.05859375 0.1171875
3 0.4515625 0.46484375 0.05078125 0.0515625
3 0.44921875 0.54453125 0.05546875 0.06953125
3 0.4359375 0.65859375 0.03828125 0.05234375
3 0.43203125 0.70078125 0.03671875 0.04453125
3 0.43671875 0.78671875 0.03359375 0.07734375
3 0.43125 0.846875 0.04140625 0.0328125
