0 0.27497883674484236 0.3928726053389928 0.14338742739850954 0.20955945079743063
4 0.23444019515609868 0.4086619127096873 0.06657039734428025 0.16402743882958343
0 0.2871263962641257 0.8692168997919094 0.15925786709365922 0.2521106267092364
4 0.2320207397464633 0.798614765483229 0.03460225897699045 0.0398625870059723
4 0.23118546847283272 0.9236511330744095 0.028352258976990452 0.039717116641250175
0 0.27555205024770535 0.6257032891345832 0.14841127068445542 0.26748105357097246
0 0.2673471021647404 0.15551807570371506 0.145368083916172 0.28147081838861127
6 0.47896131303532485 0.13909494832888872 0.15792262607064966 0.27818989665777744
1 0.4836851744716433 0.13876241432520792 0.060020415494652826 0.11231946846486118
1 0.5121646984757484 0.1990452976839579 0.07053066861791084 0.039136541603125075
6 0.5041168909013726 0.4273885032310412 0.15186352361132158 0.32380378875333343
1 0.5140140656676035 0.3826208638883676 0.07533634328594588 0.05955814437666671
1 0.5447600716195318 0.4295679458603468 0.033057939695149585 0.04295121941479181
6 0.5086196011827818 0.7984277018442705 0.18189645725634715 0.3838697729857641
1 0.5335514234896847 0.7861270703853815 0.07381020472226432 0.06577177678548622
1 0.5279367068635636 0.6268611731589232 0.08514768052176755 0.13477634992375015
3 0.5375464935570923 0.264088416225069 0.03946247579950324 0.06965918977951394
