6 0.2721258056224326 0.8003112720400891 0.1635817445232167 0.3611567706874535
0 0.13648617082441197 0.8690692680219534 0.07828543903379806 0.22114884134309065
0 0.1853568944979461 0.6398726640276806 0.0695469365265156 0.24291475334181775
1 0.19142503807145536 0.6461953893618624 0.02323892319868044 0.047129538669636165
1 0.17766040327343474 0.7163715293602715 0.02663670783841652 0.05654090133672725
0 0.231352670757905 0.4020459473663167 0.07249008010002492 0.23670111600890867
3 0.6044996318950269 0.06721060741563259 0.05327341567683312 0.11308180267345422
4 0.5031487659016246 0.30048563673613315 0.06147837226160835 0.18034202800763605
3 0.5591176210744742 0.28394357407699644 0.04188127461060631 0.09732953333863606
3 0.5374208143314142 0.4118594887412238 0.04788723370266403 0.14269657733927232
4 0.41642738658038725 0.7293095233927245 0.04804034639736088 0.09427725867281786
3 0.4723364057807172 0.7416828014003606 0.03839256175762475 0.08479317067154532
4 0.4345445522572204 0.6169822460614063 0.05526181301126591 0.07405566534054522
4 0.3793807129859955 0.9281646467218156 0.04602320533113406 0.07863407733927233
3 0.4945249575092121 0.5700077960693605 0.0845976235152495 0.16967724801081766
