6 0.8185156339400909 0.23359375 0.18639946740532806 0.284375
6 0.7967425516619879 0.63984375 0.20464936223247854 0.2671875
2 0.7662701384924373 0.50546875 0.10181856426490725 0.0625
0 0.5319730095004045 0.69609375 0.20240490063313832 0.24375
1 0.5141837674179632 0.7828125 0.040699207838416386 0.05625
0 0.5262782536279097 0.903125 0.20563754922121244 0.19375
1 0.5189060228282396 0.89140625 0.03748327962517113 0.053125
0 0.537176020387464 0.4453125 0.1715186134861197 0.25625
1 0.5089397086298394 0.3609375 0.06818771034569907 0.034375
1 0.4970140216411053 0.434375 0.08404003087881229 0.0421875
2 0.7629596188963961 0.36484375 0.07410274122451135 0.0765625
2 0.7775917348897983 0.59921875 0.054397994985435 0.04375
