6 0.6342485806621898 0.5360541299986874 0.3116419159640671 0.39028539627312886
1 0.7049281244942549 0.3930482293141154 0.041354175497895974 0.0672166749048598
1 0.7515947933687288 0.41133265570184996 0.031324411069925694 0.04808467292769336
1 0.4960541546161397 0.6669473498469006 0.054107146641955414 0.03028967787060921
4 0.625024892002268 0.6963867935348407 0.0620833377489479 0.03529551285158128
4 0.5651811552491119 0.7922457801889679 0.029052582939624472 0.027708505931498983
2 0.6006721888295579 0.5128421230786052 0.13023811542376224 0.15509335969555132
4 0.6234102843830541 0.5161090445234239 0.030396828130301045 0.021522172927693362
2 0.5399752802067029 0.6289499427365379 0.06613592068857255 0.061985346843970036
2 0.6224702885594053 0.3998301285158127 0.06802580290255769 0.07142401384016442
2 0.7122098564380874 0.2888063982874762 0.06504464664195542 0.030735346843970036
1 0.7531944657865819 0.18905840767901633 0.04669643992586625 0.08615767589344295
1 0.6937451209508758 0.6313148918616855 0.031126003628197195 0.08708350593149898
3 0.7314410391923776 0.5267520672608369 0.0348313569862416 0.05914950692008229
3 0.7480357729503088 0.46579732121516954 0.027762901451278844 0.0354573389353046
3 0.7146478979927178 0.6267056463103098 0.03975695916315995 0.11083934091247105
3 0.6825769863746379 0.7806463884016445 0.03797620435383653 0.10452567391627668
3 0.6518776017984 0.9291820474891734 0.038993067330527965 0.08896434091247088
3 0.6261534047009578 0.9843709772997681 0.036284729581580064 0.03125804540046388
