5 0.3769543757216164 0.46320152136958337 0.03434076674922295 0.034532130257724704
0 0.1948266565339753 0.0834686765033946 0.17057367328319825 0.11493003844375371
0 0.23265414226595166 0.09246521822650865 0.09048806699689207 0.1356719063770066
0 0.2127312481379732 0.21689533016686774 0.07398977171162172 0.11610303482570909
0 0.20808875165262983 0.3514783700809595 0.07464474317557449 0.13016553482570908
0 0.19325361786373357 0.4847478934867079 0.08489303846084476 0.14940685775648746
0 0.1702806523956369 0.6440885939616777 0.08158825599585606 0.17884869629109837
0 0.20538136021073852 0.9084354983603198 0.07904545285270288 0.18312900327936035
6 0.40705086806862134 0.8861294694139332 0.13271841645877275 0.22774106117213364
6 0.42304393341288354 0.6830536759375677 0.10153688296032684 0.17210072930778503
1 0.48628641046291676 0.0831565745126582 0.03815927956950453 0.08305151741285455
