6 0.3953125 0.690625 0.1171875 0.2078125
6 0.34296875 0.89375 0.1265625 0.19765625
0 0.19140625 0.90625 0.0984375 0.17734375
0 0.24453125 0.71640625 0.1 0.1921875
0 0.29609375 0.51484375 0.08671875 0.184375
0 0.3484375 0.3109375 0.08359375 0.1875
0 0.4015625 0.11875 0.07109375 0.153125
0 0.6765625 0.084375 0.05703125 0.15546875
0 0.63046875 0.27265625 0.05703125 0.225
0 0.57890625 0.49765625 0.06796875 0.2234375
0 0.51796875 0.72734375 0.07265625 0.2140625
0 0.47734375 0.91875 0.06328125 0.15625
