3 0.24479653467675427 0.6718529093176826 0.10085815027015244 0.11913950361804453
3 0.19900534112269103 0.8442535317734914 0.07925596878180677 0.12580558344622794
3 0.26087543557987897 0.43472472354203395 0.06577382213985139 0.09702548620519007
3 0.31601932568323043 0.12848468962083598 0.0809077488188736 0.08378185775648758
4 0.3670138852092101 0.018704655133811178 0.07847222958157989 0.037409310267622356
6 0.3749726187975052 0.7180584447092186 0.30517863955519725 0.5213172365438744
5 0.3516640604526519 0.9165745098380811 0.19967759618646852 0.135235894391219
5 0.3712647762392338 0.7572437754419132 0.18912204210278444 0.14560018430531088
5 0.43725190790506474 0.5424542571245476 0.17856648801910052 0.1559644742194024
6 0.48140373430608535 0.25513680009085704 0.3184425313878293 0.5102736001817141
1 0.41729908348777867 0.15358983095983725 0.051165685116542826 0.0806635018090223
5 0.5112772619808995 0.119811295229617 0.19438989546082902 0.11780273292582973
1 0.46393100291040684 0.33674316768542567 0.2163045901960187 0.2094103787873868
