5 0.6090075158545118 0.4703125 0.026018671939110404 0.025
6 0.5692459733826164 0.6640625 0.12781988836446345 0.2609375
5 0.5650439516337865 0.5609375 0.03552100593149898 0.028125
6 0.6519828775272295 0.6046875 0.10607753954332697 0.1875
1 0.7565788997331699 0.31484375 0.04897069368794007 0.128125
1 0.7100606798849567 0.4578125 0.04852502471457924 0.1171875
5 0.4628991087813302 0.9109375 0.054780341901054186 0.040625
5 0.4317883716329115 0.971875 0.0815975098858317 0.046875
0 0.3823202708346088 0.8890625 0.10821304250907655 0.2015625
0 0.6513567723174835 0.89609375 0.09128021049385407 0.2078125
0 0.7124667327741565 0.70859375 0.09514003954332698 0.1875
0 0.44019514334456034 0.6796875 0.13148871642535304 0.2359375
0 0.5236284313678314 0.46484375 0.10764003954332697 0.1875
0 0.5808321418245045 0.27734375 0.11557987353571572 0.190625
0 0.7697341102270239 0.52265625 0.08219437056996615 0.1765625
0 0.8229015780980709 0.3703125 0.08599053262324467 0.1546875
0 0.6467887697716636 0.09375 0.09855419961943923 0.15625
1 0.6569423611784261 0.13203125 0.029780341901054184 0.040625
5 0.690026775208871 0.11953125 0.11274935079830276 0.0828125
4 0.8651660380604522 0.18046875 0.04027217292769336 0.0296875
