2 0.475888080850042 0.7638973108940256 0.11096686305535748 0.10842155405833438
1 0.4381759782474409 0.7336376391528567 0.03534523677523325 0.0704943071815924
2 0.4607705860411267 0.8397921903825207 0.08672572625188942 0.06766928903121965
1 0.44563143345264306 0.7945524132551578 0.01341005261671846 0.015697722872636887
4 0.5874438759977757 0.33107065447455897 0.04079159997176518 0.029914758976990453
2 0.6666939473126943 0.05473489257070228 0.09930132096198285 0.09585792154477706
2 0.636588489335482 0.14165817564999367 0.09764781570031093 0.09428633118569744
2 0.617450623437527 0.25587066657480734 0.12566639988706055 0.11944086729005096
2 0.562655249576477 0.44218996165615126 0.1117859104104042 0.12248405405833437
2 0.5156198968327017 0.5604723290443981 0.10728042093374804 0.12558178298109546
2 0.513442017780567 0.6706785760193361 0.12998987884037305 0.11321813836728971
2 0.3882046122788988 0.9222734131569617 0.07660727360693613 0.08166815651766228
