4 0.6091824909548885 0.2168480355146322 0.05352779172311415 0.03960101087441492
4 0.6714036092268256 0.07086969064782848 0.1176655348257091 0.07339769072219057
2 0.6445755156038322 0.0019021037268712251 0.09834896879233561 0.0038042074537424503
0 0.3558794335164005 0.8999483314837498 0.13532442559888347 0.17234452669174588
0 0.40197426277875714 0.7195459070731817 0.10728131275401313 0.17276102076024671
0 0.4272143594539683 0.5056916541074321 0.1275805246489437 0.23283635771838504
0 0.44785548733684377 0.32008973513407135 0.12151423111680729 0.1468351907221906
6 0.54113957711465 0.08284569760509175 0.10801829715018094 0.1656913952101835
6 0.5509805715760414 0.8662723739556452 0.12667976594251656 0.21564885771838505
6 0.5894609746736876 0.6526582015222434 0.12964099163225704 0.2126511917107738
