4 0.47258442614097296 0.9356472570867581 0.08958065046753809 0.09217263103285873
2 0.4887417330279778 0.709347651914615 0.0753454336450254 0.061994057711881115
5 0.5530643500234411 0.39388385382138075 0.05647725897699054 0.04102679328391083
2 0.5291586965308408 0.4751710593563436 0.08783634328594588 0.060868067330527964
2 0.5458780430382404 0.5550396086307041 0.10189884328594587 0.061359140651505585
2 0.6523432291191529 0.11156737242570225 0.0675329336450254 0.06172123920022683
1 0.606885804254726 0.01039058525946825 0.033003397540672094 0.0207811705189365
6 0.45789275058917517 0.37299348966356294 0.1201862767345796 0.251021841377145
2 0.4881968323640479 0.6687499337657805 0.06126475292686635 0.05837798439090349
2 0.4640866457921561 0.7851933893007432 0.06125566256778665 0.05681548439090349
2 0.6822801931129951 0.2019096302302506 0.04401362041330899 0.04684028366526398
2 0.4720199248644268 0.0928694800449161 0.06908634328594587 0.06021330290255764
0 0.3761831665748074 0.5890847703336021 0.10392495159900639 0.14110120435383652
2 0.3643826033430908 0.6035564981010835 0.05518746974937896 0.08784722958158006
5 0.42567462734719597 0.5404910137101802 0.06747839149054773 0.05234623920022692
5 0.4386058985226306 0.6001834722403678 0.05803066861791084 0.0395188569862416
2 0.5452366518422803 0.7995435767795387 0.05525110226293641 0.09878472958158006
0 0.31746565496553825 0.8809200954686783 0.11657039734428025 0.1665377139724832
2 0.3226894861512357 0.7885689043616857 0.05031816256778665 0.05643353847458741
0 0.3402587812325797 0.7223437036360463 0.09772040339440444 0.1486954495445131
2 0.3457593474893583 0.7166839806778883 0.06597043364502549 0.06166667549789597
2 0.7292647983027978 0.04717500101149033 0.08173178903121965 0.0856498125212045
