2 0.6189088435608741 0.5305044669568257 0.05448892319868044 0.04903967787060921
0 0.44357124511844914 0.9030235002657363 0.14970579796757127 0.19395299946852732
0 0.48263505977906773 0.6978126892764969 0.13260922618081672 0.21296952669174568
0 0.5232302821989606 0.4585565296946763 0.1396775801000249 0.24134919467652322
4 0.5389294900373771 0.4028795326604258 0.054108489970870186 0.08960101087441501
0 0.5532062533652123 0.20791720113949497 0.11181334138279589 0.14189302273741297
4 0.5206748981923628 0.22379952771750994 0.06574467194503927 0.060422846843970035
4 0.5693540905913731 0.19058512110143888 0.06427310015828454 0.06348417984777566
4 0.625988186988734 0.09903163247014538 0.04640363855894432 0.03934634288963736
2 0.6827299319741691 0.05754181083504627 0.12301160266556703 0.044028525703162534
4 0.5343616619824163 0.34481236467564824 0.033949102665567034 0.04039950692008221
