4 0.5964493834778724 0.5289483345840871 0.0902733105039836 0.09836806733052797
3 0.6122779381093613 0.8310465479235981 0.11686455423577743 0.15392858656782166
4 0.6079314189090314 0.8429289890305908 0.06219377461060631 0.09894842068857237
3 0.6370399088799015 0.9295014060909661 0.0394549565847754 0.06849702885594056
4 0.6076620166265404 0.4573907931142748 0.06540970282385157 0.10218254809323427
3 0.6489629665473982 0.4254488231513417 0.05336434389007838 0.11737103847458741
3 0.660314340524866 0.2780281861280331 0.057960915676833126 0.11440972958157988
3 0.6616792975718597 0.03268720935241898 0.05517088479802048 0.06537441870483796
3 0.6659014478092866 0.12064227206288254 0.05227320533113407 0.0798710384745874
4 0.5912892073761981 0.35160458458408705 0.06334709765100222 0.08494048439090332
0 0.2516132227490973 0.8530257631620259 0.0877801109788372 0.28090774881887376
0 0.2741712181967508 0.5800867709665741 0.0808936134861197 0.25881449400955037
0 0.29305028417751766 0.3150966880269497 0.0699561134861197 0.25843254809323424
