6 0.45546875 0.33515625 0.17265625 0.26015625
6 0.3328125 0.6328125 0.096875 0.2015625
3 0.321875 0.571875 0.03515625 0.0484375
5 0.4171875 0.90390625 0.07265625 0.03671875
6 0.284375 0.86015625 0.1 0.2375
6 0.42890625 0.08515625 0.07421875 0.15859375
3 0.40546875 0.1265625 0.0140625 0.0203125
3 0.42421875 0.0375 0.04296875 0.04765625
1 0.3234375 0.6640625 0.06640625 0.0125
1 0.27265625 0.92421875 0.06015625 0.0125
1 0.278125 0.89765625 0.07109375 0.01328125
1 0.30078125 0.79453125 0.05234375 0.01328125
