4 0.41450850006650697 0.46298706460854805 0.08365959765100221 0.08375792934436319
4 0.3769821048436451 0.5985342132797753 0.07974498746358769 0.11026588534372692
4 0.39155908188239147 0.5538484219446389 0.05788670783841647 0.05690452800763594
4 0.35653556103270895 0.6838995486155478 0.0644094924781526 0.06635225334181775
3 0.6394329775674719 0.7313717959102769 0.04851170783841656 0.056795440006363405
3 0.6816756165221276 0.5411007845719589 0.048238923198680436 0.047420440006363404
3 0.6706411766303997 0.5982411225732316 0.038954851411925874 0.05043635200509069
3 0.7735642174718349 0.1745303552275958 0.06545516693047429 0.10228975334181781
3 0.7896869741357525 0.07671956389245949 0.046585494985435 0.04427725867281791
3 0.7946161665347629 0.041517860558595875 0.035102425705962934 0.025399989337999786
1 0.5472107221571955 0.8410018819223672 0.081125631037097 0.10403406667727211
3 0.619722219649913 0.8182905405792766 0.03900031551854859 0.05199885200509087
1 0.5152811090667871 0.9452444865929579 0.07313127461060631 0.09769316000954475
