0 0.33824517992910497 0.3112970762313846 0.1338989415410806 0.20291172359113024
4 0.35392766739269266 0.2014855666127377 0.06846049498543509 0.04609623920022674
0 0.38797370994998753 0.10430054256612062 0.10031355172849495 0.1752033858421822
1 0.36193639568508035 0.16764627995224887 0.07122178213245363 0.0337053666048885
1 0.3453733698208329 0.2540748532732266 0.08978992570596293 0.028110131032858733
5 0.3972791991294349 0.32094240554281206 0.03353992570596294 0.026145837748947985
6 0.4441455581297151 0.8024081711519088 0.12439957257817742 0.3056002139724832
0 0.22570779519759135 0.8529612757758975 0.1440922954602888 0.23136410580511538
0 0.2947008022572203 0.6008060095338289 0.1193196159934022 0.23830358656782166
2 0.32233302342347203 0.34853418140352777 0.07029577962517113 0.05552580290255769
4 0.41072689984171545 0.04653268258465406 0.06703438730530316 0.05072917549789595
1 0.5847146661390514 0.18249992051893651 0.0317788489046432 0.07291171034428627
