3 0.6746856701783172 0.8020649020237862 0.04182793507002245 0.06165013154179633
6 0.599655745033092 0.8894659839679294 0.10920814185166705 0.22106803206414122
1 0.6135384625681033 0.9278391757718968 0.022422963606069858 0.046495568401734036
3 0.6552336569437509 0.9029980704678726 0.029726041356328992 0.03601309471009344
1 0.6012974817985258 0.9829314102692299 0.0343065334984459 0.03413717946154016
3 0.6379241865132554 0.9801399747247099 0.031725188998963996 0.039720050550580054
3 0.6662588941234693 0.8553341151920832 0.026673815963434676 0.03739358418674961
3 0.7144801085581086 0.6025878177664495 0.0338698858558109 0.05807010523343692
6 0.6503833753073317 0.6315780967762319 0.12014564185166687 0.2376203683170294
1 0.6698076174494488 0.6638746572854581 0.021806533498445902 0.06671706314006229
3 0.7016398143062956 0.6781947625188951 0.02696491439185813 0.04364358418674961
6 0.6871790922231704 0.4179020046263873 0.11418674028009032 0.2435063472703421
1 0.7133456399896401 0.4778608335514651 0.02976458271265763 0.07029708944842135
3 0.7391268899896402 0.4793624203690506 0.043681533498445904 0.06799113680346806
4 0.7097454509906761 0.43401982828979324 0.05200345574818712 0.07938366311182729
3 0.7557642723307942 0.4016392387707846 0.027619885855810898 0.05770608418674961
3 0.7701306792790543 0.32534204928001087 0.054255160462916764 0.06081567363517095
4 0.746162332298373 0.2623947282474409 0.04142982878371626 0.08655912628012441
1 0.762568582298373 0.26335028349499534 0.029910131926869355 0.07342208944842143
3 0.7909268686923031 0.2198123860975964 0.04251713978475209 0.04299113680346807
4 0.7802718509096228 0.09141437031258083 0.04437073821317572 0.04933214206513992
3 0.820787688998964 0.0914367571160489 0.03441354135632899 0.03628611049510884
0 0.540115693547078 0.3049330258142491 0.10666103060296202 0.18229583148532652
1 0.5585960198495948 0.3504198310618035 0.026785131926869356 0.0732400789250777
1 0.6602186017336831 0.7256466151920833 0.02471320967712849 0.062211573663405774
4 0.69826860359571 0.5221722756730747 0.05505568114108108 0.07800317363517095
1 0.712804138541898 0.5331475730281213 0.022859611248705038 0.05587056840173403
4 0.7631079296933392 0.1745607992800109 0.0633776033908223 0.08939569994353028
1 0.7899957613725395 0.14963639399010414 0.03481595574818712 0.07838260523343701
2 0.5557901209641054 0.7920235021367258 0.061562546318727485 0.11733868942018652
2 0.5787245450758733 0.5985766100009986 0.0841267510334573 0.0999537683452644
2 0.5977955686495219 0.5061916889260765 0.08390842721213972 0.09526626834526439
2 0.623097321545006 0.3970287915286774 0.07089900496239884 0.08360072625188959
0 0.599458498552258 0.09023275995864635 0.06544952564056317 0.1004242052052021
0 0.5035339923470049 0.45629112848743725 0.0853639193542568 0.1265162683452644
0 0.45874168486062555 0.6321031995905944 0.12032542431665565 0.2080238735787013
0 0.409610787837163 0.8653182470162282 0.12436226095825482 0.26123987884037303
4 0.724148245242489 0.3585038887990195 0.06130568114108108 0.07836719468185845
2 0.6713356526050338 0.12792174673387954 0.07663958271265763 0.0730272472985769
