3 0.4304944828364922 0.115496172330344 0.0833647717116218 0.1129545179539809
3 0.41751713978475224 0.03820696448482168 0.058360463606069855 0.04563975292686624
3 0.46057374276128976 0.27473936212368955 0.05291098428423417 0.06279089149054773
3 0.4995978172017798 0.5253615308397962 0.048660131926869354 0.07213862041330898
4 0.508283728283869 0.8292995970965749 0.06006851282028158 0.048773843285945875
1 0.5088187675732833 0.6730041453011768 0.05229455417661057 0.08309430113146803
1 0.4662544702210984 0.46382004284184875 0.057234611248705033 0.05500566256778665
1 0.43226249813797324 0.2037910578689634 0.04705909057054072 0.0377636204133089
1 0.5244759625681035 0.8917223290443982 0.07536818114108108 0.07541815651766229
4 0.22762227150222475 0.6590108647559682 0.07315501778268034 0.12851588544042372
6 0.38688391728283306 0.8737677354638647 0.20063366252983136 0.24953743344863355
