5 0.41412760072394067 0.7103896167990716 0.08134284190105419 0.041088608313060423
4 0.4582078645641051 0.6450055113146815 0.052899506920082294 0.03311248184962743
5 0.558401454525174 0.21892480034590123 0.07534750988583169 0.047302246876742074
6 0.4383847262740038 0.11507711679907162 0.13139587452429904 0.1960306383672898
5 0.48239866452473645 0.012965170955601877 0.05707767095052709 0.02063975292686624
6 0.395157355209746 0.29377428854024046 0.1291330375661605 0.17883404800821018
1 0.41945831273785056 0.1001197373105764 0.05713602076024671 0.09874657220870704
0 0.34827840213026573 0.4661987343837102 0.13710736364988402 0.14451359016268786
0 0.3004616901535369 0.6808152254067197 0.1484852154367699 0.232059041958086
0 0.260153730648266 0.8837538730455876 0.14931820357377185 0.17582722267624504
