2 0.32890625 0.775 0.07109375 0.07265625
2 0.27578125 0.93984375 0.06953125 0.090625
2 0.36640625 0.64609375 0.08515625 0.09375
2 0.390625 0.540625 0.06796875 0.09453125
2 0.41015625 0.47109375 0.07421875 0.06015625
2 0.4609375 0.3296875 0.07265625 0.0703125
0 0.4671875 0.1109375 0.06640625 0.08515625
0 0.43046875 0.21953125 0.06171875 0.10625
0 0.3921875 0.3203125 0.05234375 0.08671875
0 0.36484375 0.40546875 0.06015625 0.084375
0 0.33359375 0.48203125 0.06796875 0.090625
0 0.296875 0.58515625 0.08203125 0.121875
0 0.25859375 0.7140625 0.08515625 0.125
6 0.4265625 0.74453125 0.140625 0.20625
