0 0.25625 0.8527001365138803 0.0953125 0.2387108105039836
4 0.29140625 0.92511469411487 0.0515625 0.07493781551854824
0 0.2765625 0.6349216031277854 0.084375 0.21026756175762476
4 0.325 0.5600747158224824 0.053125 0.07654577962517131
1 0.28125 0.5277539608079174 0.0296875 0.04305131802583091
0 0.29140625 0.43448969411487 0.0734375 0.1740118130112661
1 0.33671875 0.48863998502281214 0.0328125 0.03845474623907634
1 0.31328125 0.6479156966221524 0.0421875 0.04654003087881229
1 0.30078125 0.8264044094751339 0.040625 0.05743206677218957
1 0.33984375 0.38308030680956684 0.0359375 0.03854567445232169
2 0.3328125 0.44265989528936894 0.0453125 0.06850595909205773
0 0.2984375 0.2694413556350679 0.078125 0.16164820533113405
2 0.353125 0.23894386190327407 0.0359375 0.0463581744523216
1 0.29765625 0.32962033768837923 0.034375 0.06037521034569897
4 0.3390625 0.31669678886287816 0.0453125 0.06381845909205772
0 0.31484375 0.10802648251552975 0.08125 0.19142663354437942
