4 0.3162196965556454 0.15831467604231625 0.05360838479802066 0.07091248400699968
5 0.3857034147523962 0.7479862507160886 0.04121603338609479 0.020785214672181595
5 0.36399223614343945 0.5923175060470888 0.03005121285298138 0.012845445337363514
0 0.21966454077492825 0.8915067946769539 0.09073997492717538 0.21698641064609206
1 0.22336385378619425 0.9663351666931806 0.029670779625171128 0.05345226400381797
0 0.2379813171013941 0.6634828866963624 0.09268290815498563 0.179143154678545
0 0.26657636388183115 0.41155730736790747 0.0912400801000249 0.2369192920114541
1 0.2810684243858147 0.5070061673694983 0.034858384798020656 0.07069430800445424
1 0.2705819022824909 0.38817435136854384 0.02439224623907634 0.0330852200031817
1 0.27940532132453627 0.31564537070336196 0.040500631037097 0.10356135200509069
1 0.28934495948776917 0.20095616203849823 0.026136602665567034 0.039353401336727156
5 0.3810383659934022 0.23872942938413405 0.039698997492717505 0.022329533338636055
6 0.46430343936300245 0.8427885786919079 0.14521217775102696 0.3144228426161842
