6 0.4234375 0.2734375 0.30546875 0.5
5 0.40859375 0.2125 0.15078125 0.140625
5 0.4421875 0.0640625 0.1203125 0.1015625
5 0.8078125 0.25390625 0.06015625 0.03671875
5 0.3921875 0.390625 0.11796875 0.11171875
6 0.34140625 0.76015625 0.23359375 0.45546875
5 0.3828125 0.56015625 0.159375 0.15859375
5 0.33828125 0.83203125 0.16171875 0.18984375
5 0.2640625 0.70078125 0.18515625 0.13046875
3 0.240625 0.46875 0.07890625 0.09375
3 0.2640625 0.309375 0.1015625 0.103125
3 0.26484375 0.0953125 0.0484375 0.08046875
3 0.21171875 0.615625 0.053125 0.046875
5 0.2765625 0.5875 0.12734375 0.09921875
