1 0.6031315779551468 0.38934183947531686 0.03485018899896399 0.04394089754067192
1 0.5875280026860871 0.44001855034590126 0.04258991439185813 0.04242384933607006
6 0.4517082808078497 0.575910077669656 0.15801382299274797 0.3070863130353249
3 0.4418173963997809 0.4641640565924172 0.05738016046291676 0.05813066256778647
3 0.43015645843427414 0.5156447433607007 0.05352741439185813 0.04248748184962743
6 0.5000172324222074 0.27158619203284073 0.19624156906380677 0.32292948165323565
3 0.43936867679785496 0.24389700838781528 0.04527826674922295 0.033067030054229285
3 0.45914171360606987 0.04797143003078819 0.027508569892376045 0.0204670361043535
1 0.44442878184130696 0.6711543999765588 0.05734161910658777 0.02376475292686635
6 0.4547970093011157 0.8588306202169171 0.14293247849326604 0.2823387595661657
1 0.4327871145539646 0.7398180415653025 0.05599744292790554 0.02844316256778647
1 0.45753013357949934 0.4158310957218328 0.04960189371369381 0.02528180113146803
1 0.45590982154500603 0.3642731409013726 0.062029119106587774 0.023792024004105093
5 0.6360638943328663 0.2747208032727675 0.23176803846084476 0.14662151170746496
5 0.722656365796819 0.28928327302214646 0.043788541356328814 0.03462043969514968
