5 0.60390625 0.63203125 0.05078125 0.03671875
2 0.60546875 0.5703125 0.08828125 0.059375
5 0.6390625 0.53203125 0.03984375 0.01875
2 0.571875 0.7484375 0.06640625 0.07109375
2 0.56875 0.85078125 0.04765625 0.0796875
1 0.42578125 0.91015625 0.03671875 0.01796875
6 0.72421875 0.909375 0.134375 0.1671875
6 0.7421875 0.73125 0.1515625 0.1703125
6 0.75703125 0.56953125 0.115625 0.1328125
0 0.48046875 0.9171875 0.08515625 0.1609375
0 0.48046875 0.7359375 0.1 0.16953125
0 0.496875 0.55703125 0.1046875 0.146875
2 0.52421875 0.46640625 0.06640625 0.103125
2 0.5109375 0.3421875 0.05859375 0.06171875
