4 0.32265625 0.6578125 0.02890625 0.02734375
2 0.5515625 0.19609375 0.02890625 0.03984375
2 0.465625 0.28203125 0.0515625 0.046875
2 0.4453125 0.35625 0.0515625 0.05078125
2 0.434375 0.4265625 0.0296875 0.05078125
2 0.37421875 0.54375 0.03828125 0.05703125
2 0.34609375 0.62421875 0.0390625 0.04375
2 0.24609375 0.83515625 0.025 0.040625
6 0.50078125 0.0890625 0.06640625 0.14765625
0 0.7359375 0.06796875 0.08046875 0.134375
0 0.68671875 0.17265625 0.0953125 0.10234375
0 0.63359375 0.2921875 0.07890625 0.14609375
0 0.57890625 0.41640625 0.09296875 0.1234375
0 0.521875 0.54453125 0.08984375 0.14296875
0 0.46484375 0.70078125 0.1140625 0.16953125
0 0.40390625 0.871875 0.11875 0.175
2 0.303125 0.74765625 0.05078125 0.090625
