2 0.6470200333195878 0.4809178099140949 0.05448892319868044 0.04749316534054522
0 0.5431929689881736 0.8877319785964577 0.14497283386094856 0.20474313868554467
0 0.5438819761143096 0.6696814125955033 0.129438762074194 0.20768632535009016
0 0.5407185575344827 0.4266672092616396 0.1365071159934022 0.2358840506842718
4 0.5460676355894435 0.3687728932606852 0.05250052586424729 0.08651930267345423
0 0.5255636043149197 0.17441436592936688 0.10864287727617317 0.13715564934754482
4 0.49570861975432584 0.19586265193350308 0.06413670783841656 0.05697725334181776
4 0.5374725709288247 0.15395641526100332 0.06266513605166182 0.06008407200827235
4 0.5775543501582845 0.05423767858850359 0.04635817445232178 0.03646475867281791
2 0.6238694090129154 0.01157110996181994 0.1227388180258309 0.02314221992363988
4 0.531149677751027 0.3126774345958214 0.03234113855894431 0.03786362667090888
