3 0.48454163190480176 0.7728786503332314 0.03974433847375849 0.0408818651776464
3 0.5949038023562018 0.3087369135677978 0.04270569724005639 0.03165241439185813
3 0.6365533344165687 0.11398518569370433 0.04782957386326192 0.05687073821317572
1 0.6324680320636623 0.25858921030081017 0.027326159090609536 0.04498716832079959
1 0.6018708226487413 0.3568105405322685 0.024446620941162678 0.05890411910658786
1 0.5850185133959759 0.4278507866033271 0.03700116801906326 0.06261131596343468
1 0.5626701806042602 0.5007082437992562 0.03376707386326174 0.05621576674922295
1 0.5488474139651688 0.5770716906561031 0.025872753246410873 0.051164393713693815
3 0.511478053170276 0.6607767566195377 0.022338650162155815 0.027581344499482085
5 0.6730331619365739 0.6626195847840816 0.20220915665497757 0.1358776497095498
1 0.664708193186162 0.6028999824267167 0.030260244317957152 0.03419521753501122
4 0.471554662343611 0.8460807098865253 0.014471603084255057 0.024092471463952592
6 0.683595929790186 0.16255338813212244 0.1763944991859258 0.3251067762642449
