5 0.5211317546944533 0.22280264917384413 0.047238626670908876 0.032886911069925695
2 0.3659315601129493 0.8444717741314351 0.10107269867918127 0.09567957694917481
4 0.36520375942867744 0.7148115559826006 0.022147720003181704 0.02420139183263199
6 0.4289731687221338 0.4234077951828274 0.13392265603118042 0.23427085099579195
4 0.4662646307288153 0.4739087921876024 0.052144302673454136 0.051800602176918176
2 0.48556751937458903 0.320739152169069 0.09791133601209037 0.0924454495445131
0 0.4744622227879944 0.9046317248146656 0.08668402936027135 0.19073655037066892
0 0.5245060340944956 0.7141270536203479 0.08172380935708982 0.17778274881887376
0 0.5840157520687241 0.5264385698624167 0.09153516136218051 0.21561013103285873
4 0.5771748587284972 0.4754390650530933 0.05541475334181776 0.06440972958158006
4 0.6085595767027256 0.2867684346532066 0.05512385200509069 0.039409729581579976
4 0.6396544880251352 0.20741824055098917 0.06446248933799978 0.036612111795565026
4 0.6373920066836355 0.14720742684865834 0.08815452800763594 0.05930556733052796
1 0.5602113413430905 0.09140880543444638 0.03786362667090888 0.03255952885594056
0 0.6417811567074981 0.32307052240215456 0.08639312802354446 0.17638393992586626
0 0.6882278006842719 0.15366824717441113 0.10516130935708964 0.17860120435383647
