5 0.4383168602833473 0.26039589139081554 0.07944384727034208 0.10397952267663593
0 0.3251816965362354 0.876118152013045 0.1786233418674959 0.2477636959739101
0 0.35101834151456 0.624757288709407 0.1574763839608707 0.2641545013526354
5 0.40701844155691236 0.5809078387173614 0.10068181043863902 0.093296561346272
5 0.40480974140162046 0.7440527287157706 0.07110072625188942 0.06796929734245402
6 0.4648672808641594 0.7564623693904974 0.1263327997741211 0.2388090560152719
0 0.3618138154179623 0.3945703493793615 0.1316881577089811 0.19671246268299925
0 0.3709935814147393 0.17685613804899775 0.11750383134415214 0.24807496801399936
1 0.37603739718563745 0.19643284138286138 0.03727175782192056 0.07694430800445433
1 0.3815901761954198 0.13091692938413405 0.032053636803468066 0.04097044533736342
