6 0.2953125 0.73046875 0.18671875 0.37265625
4 0.18203125 0.85078125 0.07421875 0.04375
1 0.21953125 0.84609375 0.04453125 0.06484375
2 0.21796875 0.915625 0.04296875 0.05
1 0.2734375 0.6765625 0.03125 0.0515625
4 0.2484375 0.740625 0.04296875 0.0359375
4 0.28203125 0.6171875 0.03125 0.0609375
0 0.3265625 0.2078125 0.06328125 0.16328125
4 0.34453125 0.2171875 0.04140625 0.04765625
4 0.36015625 0.16953125 0.03828125 0.0453125
0 0.28984375 0.37890625 0.06796875 0.15703125
1 0.3234375 0.32890625 0.0234375 0.0640625
0 0.3625 0.065625 0.05546875 0.12421875
1 0.38125 0.025 0.01875 0.0375
