4 0.5359764658405541 0.7060075763216804 0.06290906615858276 0.07358798620519007
5 0.4899105077986401 0.8426134616677879 0.1222295240041051 0.06732469810012062
2 0.5817414002711464 0.24917107813070283 0.08167724687674216 0.07769563206674715
4 0.6759181262670414 0.19318775101605282 0.06910452400410509 0.0645405348257091
2 0.6785340661585828 0.10585152532631233 0.044131795081343836 0.06791784034363309
6 0.45622533332699683 0.6908938314100632 0.14349651170746505 0.23245173111680745
0 0.3596856348512484 0.4749612149471483 0.12144879488495217 0.20161781094499087
0 0.3937010447867563 0.2807099259375677 0.10403403590796181 0.16165455223856356
0 0.4409068011314682 0.07152967774659003 0.10368860226293641 0.10227955223856364
0 0.280585504773578 0.8402343328804012 0.1469214935570923 0.28417800542706717
