6 0.4359360662722537 0.6951611555428121 0.36341778463759217 0.5712698871081265
4 0.3248632565001527 0.8109176195152955 0.1163491946765232 0.1366865228654909
2 0.4174818380210835 0.7990773292266095 0.05812551779449713 0.08628472958158007
4 0.39245927478894144 0.8953992577197303 0.11733869171077371 0.12267858656782167
1 0.33746673277415656 0.697817418789656 0.06268568380210837 0.08332342068857254
4 0.4521048943331435 0.6695609548171726 0.1244455375661607 0.18221727767481433
4 0.4684435242574688 0.4945237492822098 0.08478085969555131 0.12778274881887378
4 0.3769828775272295 0.592383385124392 0.12208985870696817 0.12440477767481414
2 0.5229997371855998 0.316587233040141 0.09491986364988403 0.14686013103285883
4 0.5525387040680634 0.1583010178865313 0.06916117688202608 0.05078373920022683
