2 0.3775229613708941 0.9807195348997407 0.04358817391627658 0.03511138555165942
2 0.42931490753029217 0.8416803542987757 0.08707818874502422 0.10613299756436803
2 0.45304817927912194 0.738896273535655 0.09795202174882967 0.10476141233702023
2 0.49443186604697986 0.6442383384704632 0.10394735376405215 0.09862050649282175
4 0.477851861104064 0.6674031030809597 0.02908000494291585 0.023928423701106104
4 0.558957281066008 0.6531826903369022 0.024137836958138335 0.017596603084255237
4 0.45103203452604906 0.6348809293798536 0.02401050296574958 0.014471603084255057
2 0.5192183018262545 0.5539815312462928 0.10200285178688588 0.08921823295387128
2 0.5617188196207518 0.47028836972005134 0.10331068380210837 0.08299550649282175
4 0.6406197524342769 0.3950486363591428 0.024265170950527094 0.02072160308425506
2 0.5797949989742358 0.41040485510955466 0.0730501808363588 0.06841480925276536
2 0.6039593522439966 0.3162281611159091 0.057008686767857954 0.09623980032431163
2 0.6319981220156599 0.22290090096963938 0.06769151878308044 0.09018071509696393
2 0.6819291378329908 0.1487191071381496 0.08219968775644108 0.10136367694751698
