6 0.7508805530721936 0.7567865835577697 0.23950896641955416 0.29328741180407364
5 0.7320834238534334 0.7097920748513424 0.2422123257680484 0.19205246042459248
0 0.6378324599657681 0.8960339535271876 0.15355161905195924 0.2079320929456248
0 0.6178026690441101 0.6975643125268706 0.12649804573098145 0.22809842378986112
0 0.6224454959084668 0.4732194097679086 0.14212304573098145 0.22891729534115868
0 0.6125620313030112 0.23485627261277883 0.1409970553496283 0.24133540818602892
1 0.8116097219466678 0.7763454890302652 0.05750496515360979 0.03888543758467122
4 0.6029763103285879 0.9205956987774891 0.04009921034428636 0.03173467887824373
1 0.8185070518910674 0.8398724004956545 0.05410714664195524 0.030909163274411355
4 0.6898240019837345 0.7278526780852743 0.060629965153609786 0.03904921189493056
4 0.7613889779371175 0.7004104307988077 0.0832688569862416 0.06207063206674714
6 0.7943949069783924 0.5290201096770516 0.1552430938242157 0.29199050542706695
1 0.8017907447273404 0.5621601582975705 0.04727679328391084 0.058624727498762755
3 0.8156424244015875 0.512197779848868 0.04834821996293322 0.04464411465389251
6 0.7606994309401915 0.23404180235010527 0.18505956859647235 0.3419019742194025
6 0.818075520672874 0.9393103199901024 0.12744049763774754 0.12137936001979525
