6 0.704513843850136 0.5144105380492612 0.14368355947465278 0.2976204094445286
1 0.693501100747541 0.5456059958947834 0.03576043758467105 0.05644089754067192
1 0.6897342916115724 0.6174809958947833 0.03913109905006031 0.061146578258831144
6 0.6793346229100938 0.8159184958947835 0.16218789800926353 0.29304199375348394
1 0.6844016604493364 0.674498610356164 0.03634029172311415 0.03769998789975162
1 0.5879992147240649 0.9482401165044841 0.029517081637205678 0.02672612646343282
0 0.4522564665330873 0.8973936713483853 0.11557849163225704 0.2052126573032293
0 0.4518005223896955 0.6989344872123805 0.10457239258219672 0.14743860226293642
1 0.6980834594085398 0.4432577007152435 0.029844630257724703 0.032976126463433175
1 0.6024079477614365 0.1066611496819713 0.03946529172311415 0.037718168617910844
