6 0.490625 0.659375 0.09296875 0.2109375
4 0.53828125 0.54921875 0.028125 0.01875
1 0.51015625 0.66015625 0.0265625 0.0546875
6 0.4484375 0.88046875 0.06015625 0.17890625
0 0.3296875 0.8671875 0.096875 0.25
0 0.3609375 0.590625 0.09296875 0.24921875
1 0.58359375 0.41328125 0.03125 0.0734375
0 0.39921875 0.32734375 0.09375 0.2578125
0 0.428125 0.09296875 0.07578125 0.16953125
1 0.628125 0.04296875 0.021875 0.0734375
0 0.696875 0.090625 0.06953125 0.1671875
0 0.678125 0.27734375 0.04765625 0.1796875
0 0.6515625 0.44765625 0.06171875 0.1578125
0 0.61953125 0.64140625 0.06328125 0.20390625
0 0.5984375 0.8609375 0.07421875 0.2203125
