1 0.6708135963561045 0.7562687880714554 0.058978185116542826 0.07976170783841638
1 0.6460541877332495 0.8758598740439749 0.04954862141421188 0.07792642319868044
1 0.731183155882084 0.8726008302330388 0.024310519237293705 0.025681961599340043
1 0.8241047766633238 0.8237565017823666 0.05550595553496294 0.025028743731793666
1 0.7637823463561044 0.7535636737274058 0.022748019237293703 0.02563649749271768
4 0.8272917748492252 0.7806513594624985 0.10078373920022692 0.07005173871722885
4 0.7906226432682123 0.8951146762346884 0.08521330290255769 0.07115959765100185
4 0.7760269191289281 0.9698335314075379 0.0740377007256395 0.01932431301126627
1 0.9804117302145521 0.14899687952075832 0.0336855192372937 0.025954746239076298
2 0.9011086653310949 0.22950874511844907 0.1033482332097769 0.14348923871722893
