5 0.64609375 0.76015625 0.18671875 0.140625
6 0.7171875 0.84453125 0.11875 0.303125
4 0.6703125 0.8875 0.05078125 0.0375
6 0.72265625 0.60625 0.08515625 0.2140625
1 0.71640625 0.59140625 0.04609375 0.07265625
1 0.7328125 0.7921875 0.05234375 0.0734375
1 0.72890625 0.87421875 0.05078125 0.0703125
1 0.74140625 0.96328125 0.05390625 0.040625
1 0.7015625 0.46796875 0.05390625 0.06796875
6 0.70390625 0.33671875 0.08671875 0.21796875
1 0.70546875 0.39609375 0.04375 0.05703125
1 0.7015625 0.271875 0.0390625 0.04609375
6 0.69375 0.1046875 0.07578125 0.20390625
1 0.6921875 0.08984375 0.04140625 0.06015625
4 0.66640625 0.63203125 0.028125 0.03984375
