1 0.6396791452974824 0.7513085034317193 0.056051176947516976 0.07971624373179384
1 0.6125927195677814 0.8715671791376822 0.0466216298696164 0.07631845909205773
1 0.6978171534151573 0.8651831353267461 0.02384660308425506 0.02411946159934004
1 0.7916450198920929 0.8132592709826966 0.053506829545304765 0.023420779625170952
1 0.7334973291448582 0.7446744070343584 0.02231137662320535 0.025636497492717503
4 0.7963012922132273 0.7701768607161398 0.09955571509696384 0.06692673871722903
4 0.7575915738698524 0.885307767221773 0.08239548863591431 0.06798913354437915
4 0.7413568733833852 0.9654271762346884 0.07387387662320535 0.02713681301126627
1 0.959690825488115 0.1329316103204284 0.033248876623205345 0.025954746239076343
2 0.8793663514626973 0.2164775477048738 0.09773984496658024 0.14183581050398358
