4 0.5267678624230412 0.6367451966908707 0.038018197240056395 0.03121550790866543
4 0.539450868915863 0.5371908656642315 0.037881829545304765 0.02340300790866543
6 0.5937156290621327 0.5636379605310351 0.11629102191409721 0.2217715237259963
4 0.5880696010589554 0.5735713760443547 0.030096603084255234 0.02464717292769336
6 0.6465556258124265 0.13423430342067247 0.10688874837514692 0.21982702174882984
4 0.6326607211860439 0.16884938395302013 0.032013659090609534 0.04502333992388783
4 0.6323761233767946 0.05078513345872855 0.06773297077900686 0.033987680836358836
1 0.559915553170276 0.7084583706071472 0.022447744317956975 0.03370383794672147
1 0.5842918104738766 0.47647354155767446 0.03349433847375849 0.040399506920082116
2 0.5840129411542718 0.2685018740671884 0.035820497564368024 0.08421317391627667
