0 0.11328125 0.64453125 0.06953125 0.14140625
1 0.12578125 0.5890625 0.03203125 0.03828125
5 0.15859375 0.58828125 0.04609375 0.0390625
1 0.07734375 0.715625 0.03359375 0.03046875
0 0.2171875 0.28359375 0.05703125 0.12734375
1 0.25078125 0.3 0.0265625 0.04921875
1 0.2109375 0.284375 0.03515625 0.0171875
1 0.240625 0.190625 0.03359375 0.0640625
0 0.26640625 0.09921875 0.05703125 0.1578125
4 0.27109375 0.1078125 0.05078125 0.0375
1 0.28125 0.046875 0.028125 0.05546875
0 0.16640625 0.4484375 0.06796875 0.18671875
1 0.18203125 0.390625 0.04609375 0.02265625
1 0.18671875 0.521875 0.03125 0.0328125
1 0.146875 0.64140625 0.028125 0.03828125
6 0.25546875 0.52421875 0.125 0.21953125
0 0.0484375 0.84453125 0.05703125 0.17265625
