0 0.4786252008902091 0.41420233902489845 0.10911372158978558 0.17025085779368573
4 0.5013087244291595 0.41708441531914026 0.07359323295387128 0.10262374203690498
1 0.5662206582765353 0.42476738367852196 0.04936480032431163 0.0559461631118273
2 0.6594283307565302 0.9739505233951746 0.07137616801906325 0.052098953209650745
0 0.5128572938248992 0.9291735905873715 0.14661372158978558 0.14165281882525704
0 0.49738447807931213 0.7735241311182731 0.13921032467404082 0.1954174577654509
0 0.4846002857105196 0.5776655995482421 0.1359489569792892 0.1874229472421071
4 0.5383512081971051 0.16949605475344423 0.08697389448011297 0.0643802893919517
1 0.649904137173217 0.34535217043963773 0.0567681972400564 0.03296368942018653
6 0.649684174511885 0.19861367833214552 0.11470124837514692 0.22208637357870126
6 0.6897514358726754 0.6161497888272545 0.11618192775829587 0.21748987884037305
5 0.6821100799457513 0.8490609993647155 0.06778751785690744 0.038288226251889414
