5 0.59765625 0.77578125 0.06953125 0.04609375
2 0.64921875 0.5796875 0.121875 0.06171875
5 0.61953125 0.52734375 0.03828125 0.0359375
2 0.6125 0.4546875 0.09296875 0.06484375
2 0.63359375 0.23125 0.11875 0.0484375
5 0.6515625 0.18984375 0.04609375 0.04375
2 0.62265625 0.05625 0.08203125 0.06171875
2 0.6171875 0.1265625 0.09296875 0.0703125
2 0.64921875 0.34453125 0.09140625 0.08515625
2 0.5953125 0.64921875 0.08671875 0.0609375
0 0.45859375 0.89609375 0.08671875 0.17890625
6 0.50078125 0.465625 0.08515625 0.13203125
2 0.6 0.89921875 0.0984375 0.0828125
0 0.46484375 0.7125 0.0984375 0.18046875
