4 0.6234905681810801 0.3069990519175947 0.04053646879233561 0.028579533338636144
2 0.5934522653766896 0.4050643819223672 0.1141244549975255 0.09189769334818117
4 0.6002068764125376 0.3549552939210946 0.042017081637205675 0.027035214672181597
6 0.6884538268875074 0.32344111724223146 0.1663907191310198 0.2549067706874536
2 0.6653848190855912 0.3307450872454131 0.05977114767057934 0.06784202800763603
2 0.573696365331261 0.49050244259232156 0.05344590456798422 0.036537484006999674
2 0.5594335487320606 0.6509223219287306 0.1104948439616777 0.14182496801399935
4 0.5633309119156152 0.8744507285964577 0.0372476944820761 0.02541817067154497
2 0.5596083683834788 0.7885041379296851 0.05960737336031983 0.06471702800763594
3 0.6962153329919428 0.9190263372454132 0.06550989258219672 0.1475477093411815
6 0.6248006784239586 0.8838979065881855 0.16458920171816516 0.2205317706874535
4 0.6213381637246375 0.9222427912555944 0.08294969810012062 0.12276588534372693
4 0.6373515880803255 0.8399751839195038 0.07045634215265544 0.09295111600890849
4 0.4998349779489887 0.9158393446053665 0.03313340456798421 0.0363011266709087
