2 0.33338428084914157 0.728125 0.07984323295387145 0.0984375
4 0.33015018669334023 0.734375 0.028588650162155817 0.0265625
2 0.3218216692434698 0.94296875 0.08633869480442442 0.1125
2 0.3262245714342205 0.825 0.07984323295387145 0.0984375
2 0.34458660795881435 0.6234375 0.10193642126547413 0.1109375
2 0.35182813799058643 0.521875 0.09067163879807003 0.0921875
2 0.3746810312528834 0.42109375 0.08121481818121908 0.0875
2 0.38978960836255616 0.31640625 0.0844761858759707 0.0953125
2 0.38464023255012963 0.20859375 0.10311709172016936 0.0890625
2 0.3915272065755473 0.12734375 0.0855477621748646 0.0671875
2 0.4190948733767946 0.025 0.07894320616851011 0.046875
0 0.21452736648352627 0.91328125 0.07958986282348776 0.1734375
0 0.2276427954596382 0.74375 0.08230575973923263 0.15
0 0.23488037135149495 0.59765625 0.08047052434972927 0.134375
0 0.2585923810907276 0.44765625 0.07764553327818291 0.1515625
0 0.27387428206366227 0.28828125 0.08107054220663672 0.16875
0 0.291045965504001 0.11015625 0.07999896590774291 0.196875
