2 0.26574568230413764 0.7498621012554133 0.08111276308359247 0.08124468281352523
2 0.1915283903519372 0.9134417815974805 0.08055132096198281 0.09836851581733086
2 0.3191653558687215 0.6222026748676788 0.09801183674699834 0.1037563527754692
2 0.3572484557698995 0.5169912514456938 0.0807333314853265 0.10149351581733086
2 0.3854259346526249 0.4480356630046806 0.08194722099021767 0.06880834980971962
2 0.45359064767974766 0.30808448365119656 0.08249325256024882 0.07818334980971961
0 0.4881608816829706 0.08922439570447509 0.07706229991529553 0.09199118182494201
0 0.4374412738892849 0.19728890509601524 0.07521137357870131 0.11373884783255325
0 0.3864409450347942 0.29679149798565263 0.06309080517696727 0.09298067885919252
0 0.3488051661661863 0.3809410049057348 0.07081229991529536 0.09173651384016442
0 0.3077636662367734 0.45665592931630294 0.07898882096198286 0.0983048488211363
0 0.25814382685893916 0.5592198552097459 0.09799642619541978 0.13025518577927464
0 0.2039429032943553 0.6869111150955778 0.10139444198043535 0.13507001977166339
6 0.3663295112292154 0.7223817469970694 0.16724622611071513 0.22192803262324468
