2 0.47094139034131094 0.7512950392664122 0.03963681301126591 0.0738738520050907
2 0.36059727223633775 0.8127148919478205 0.050954746239076344 0.03339430267345413
0 0.33023043995823487 0.4069557879535476 0.11813754922121245 0.19505905601527207
0 0.30623769583072963 0.6141961232893202 0.13229097743445778 0.19834768801718106
0 0.27627008485189236 0.8925756619589563 0.11041597743445779 0.19809314934754454
5 0.3220840046853605 0.6600898786203203 0.08573892319868044 0.047856792011453916
6 0.4634364303913234 0.6334535586012302 0.1392396594086268 0.1687510946849084
6 0.45861958359825117 0.8795200366009122 0.1289841210079672 0.19206132535008996
6 0.5611371106496328 0.3355422225891399 0.0953652904457238 0.2713306546785449
2 0.542633500066507 0.46149619525782165 0.05403428213245363 0.03186816534054522
2 0.6025674073635627 0.11950814258436741 0.054761707838416385 0.05686816534054513
2 0.5800666185671917 0.24863256858691277 0.08234113855894432 0.038445429344363104
2 0.5665998489711503 0.38936665658818537 0.07957985141192588 0.05090906667727228
4 0.6311958948936576 0.47764735924573126 0.06055706677218975 0.04131589067472703
2 0.29745870704699373 0.2448921399586383 0.04602320533113406 0.0786340773392725
