1 0.3123501723962208 0.3717777393777707 0.025220175893442942 0.044022720003181706
5 0.34562558741524885 0.37998113804899775 0.10111151384016441 0.06677042401336308
3 0.04500357452648653 0.8329494073440451 0.04578734387822052 0.050509077339272325
0 0.3632442385569314 0.8491583993873156 0.13183622631118483 0.28421246268299927
0 0.5023717000393686 0.6381765407383604 0.11557987353571572 0.19187951201463563
1 0.49785263779580974 0.5380765434038605 0.042627851786885884 0.08795453333863605
1 0.5421557361226546 0.4674645987428147 0.05480951680591382 0.08028748400699967
2 0.48523191547613853 0.4066174580680878 0.08924818380210837 0.08224997334499946
6 0.5351668843729497 0.15942483207349661 0.21997289627312888 0.30085561736154415
0 0.5759113122063779 0.5022486787475872 0.12040002471457925 0.11853291868236297
0 0.7639749752854206 0.12613271610435883 0.1656435405319101 0.19402381468808994
4 0.6407046185556189 0.23568843475490503 0.06845552273741298 0.1085579346753632
0 0.7259006778334283 0.3507963614337681 0.2557485701894054 0.3356306066995439
