6 0.4149550273710892 0.26152013653353207 0.33724984006999675 0.5230402730670641
5 0.39628629602958954 0.19733318690730256 0.1595397266868172 0.15670810266810492
5 0.4203221380092268 0.051581892526425845 0.1262545120146356 0.10316378505285169
5 0.7973039033656804 0.1966416316165212 0.06295453333863606 0.04233798620519007
5 0.3913277180537703 0.3758266791053864 0.12480110001590834 0.12365658525525039
6 0.36439578477081336 0.7485581722079815 0.26323053739654256 0.47913638059640923
5 0.3925282334102237 0.5461801226829512 0.16913290268936257 0.17594942559888338
5 0.36602246678067657 0.8211734786304167 0.17418402936027153 0.20744508706427284
5 0.2832906880967228 0.6980878606971637 0.19382382001909004 0.15069712008095948
3 0.24467144139876976 0.469502515265148 0.08552042401336309 0.10285940637700648
3 0.25843285471036165 0.30852739371385046 0.1075045120146357 0.11338082654882316
3 0.24500451201463572 0.09503810379975872 0.05408861067790856 0.08559666327441155
3 0.22530491808558697 0.6190454918593996 0.056831802673454224 0.05294793758467105
5 0.28822254141467807 0.5844790620766447 0.13404883068109025 0.11321040818602893
