1 0.31484375 0.38671875 0.01875 0.0421875
5 0.3484375 0.39140625 0.09296875 0.05625
3 0.115625 0.87421875 0.03984375 0.04609375
0 0.434375 0.853125 0.09140625 0.275
0 0.54140625 0.628125 0.08984375 0.1828125
1 0.52265625 0.5296875 0.0296875 0.084375
1 0.55625 0.4546875 0.04453125 0.075
2 0.49140625 0.40078125 0.07890625 0.0734375
6 0.5046875 0.15078125 0.17890625 0.28125
0 0.5953125 0.48515625 0.1046875 0.10625
0 0.72734375 0.09140625 0.140625 0.17890625
4 0.62109375 0.2140625 0.05390625 0.103125
0 0.721875 0.31796875 0.21015625 0.3125
