5 0.6496967005865114 0.6346776985163199 0.05689845318850324 0.04346036569131932
2 0.6417746579588863 0.5728498457427783 0.09735303482570909 0.07093205547083344
5 0.6685108983479479 0.5321163961796186 0.043415807326946346 0.02441942496187508
2 0.6364298179539375 0.7537543536265631 0.07753185775648763 0.07983427678548623
2 0.6487837330373714 0.8554805077868755 0.06067190637700648 0.0856842332825
1 0.5167358729060346 0.9265352773541672 0.040208920171816584 0.022784189779513752
6 0.8119321862258747 0.9014138696784728 0.16097952283992142 0.18321515634451407
6 0.8017748569635181 0.7224894358828826 0.17849457146044045 0.18986519984750014
6 0.7916960928300238 0.559953068291702 0.1356586182719372 0.14673214247680572
0 0.5722455664835995 0.9219159400638544 0.11032442559888338 0.1561681198722912
0 0.544078543643678 0.7484836657469102 0.12660452283992144 0.1824150693385418
0 0.5323177708037565 0.5687416143601393 0.12693871551297525 0.15901393692972227
2 0.5446329850735363 0.4761729078631255 0.08229460085908258 0.11115701196784719
2 0.5124645369734157 0.35369784260864623 0.06758364767057934 0.06867857123840286
