3 0.6532013223649515 0.2026837219128222 0.11601450361804452 0.09816587468172662
4 0.497526690975573 0.573470031269912 0.048512743102595124 0.031795440006363404
3 0.6676775751900268 0.9263939419160039 0.12275582654882307 0.10761360001590817
0 0.6705912132496676 0.9521570105824584 0.06759029172311415 0.038263616008908485
2 0.5002610238559744 0.8493876412715029 0.05525406603337366 0.041243165340545215
0 0.3786217192425615 0.9000518072883658 0.1285764586155702 0.18888178134945405
0 0.36102370420455615 0.713423963956093 0.14074890999505119 0.18277723201781731
5 0.4264749638154945 0.7540938699475024 0.07284435775648763 0.07892497867599957
0 0.3686270850281078 0.5452643099538659 0.11682008706427265 0.1731295120146356
5 0.38758072365357554 0.3699370459500478 0.08148237336031983 0.06497156667727229
5 0.4039006852098218 0.2040211446133206 0.041935194482076096 0.025472714672181596
1 0.30576083559393463 0.34509213462763816 0.04028416327441153 0.05356135200509069
1 0.2912634871097012 0.08338247529441088 0.0605900192218769 0.08346702800763602
