0 0.05627398794559341 0.8732268998417154 0.11254797589118681 0.15042120031656908
0 0.11559170723268646 0.7377918535234969 0.12689085868872624 0.1661371285298145
0 0.1877587032543218 0.5763709687254762 0.13156017735518083 0.16471102084968248
0 0.2599802432765935 0.4102625839274555 0.1455681333545445 0.16043269780928676
6 0.38011728389564114 0.7574294374509524 0.18178054272754265 0.45357494404836307
1 0.3222491452100966 0.8981286452893688 0.08608404535327185 0.1493300617576246
1 0.391645129893414 0.7734947066512822 0.06515338001272664 0.09561402837152996
3 0.42209624590232264 0.7070058886254513 0.06798747867599957 0.07070495658477541
1 0.4559632632479585 0.6154261423863752 0.06711586935072641 0.13003449247815269
6 0.5523586472788207 0.3853545459890142 0.15594420138445209 0.3809725183424001
1 0.5289478719366848 0.4508575255350431 0.04131589067472703 0.06055706677218957
3 0.5822188699475024 0.36964697796318324 0.05541475334181776 0.06409124373179384
3 0.70002617731541 0.11161786612641618 0.06798747867599957 0.07070495658477527
1 0.6083642939608654 0.27048205225722033 0.04654883068109026 0.10756845909205773
