6 0.5572748246568754 0.3701144878284307 0.20109755983923633 0.38616714529089186
4 0.5206443807932988 0.240232118915863 0.025472778685347208 0.020748876623205438
4 0.5604537228332642 0.3387963039810548 0.04197060087368065 0.05852161201270887
5 0.563255333774931 0.5263235775200051 0.1547641544446529 0.20730575973923263
4 0.5724290056026741 0.4503514127473528 0.09106271751493047 0.08749209172016936
4 0.5702145018029519 0.5566832333642038 0.12518445079743082 0.1443148360381265
6 0.5467081858828825 0.75561165706531 0.2860180737069449 0.41107741639421
4 0.4516671363959729 0.7017793194023303 0.06162848423243048 0.030751168019063257
4 0.5331541789490284 0.7441247321463879 0.0840853656913195 0.05613299756436803
4 0.545763934932952 0.7822014306042602 0.06319098423243048 0.030778441558013726
4 0.5833925279228479 0.8542303892084024 0.06816942496187509 0.04336026217486477
4 0.5646444875539939 0.955379831984232 0.03179551386770836 0.023982970779006862
3 0.6527399803357993 0.7443820564166869 0.0517833183886113 0.1445954797074606
3 0.6325677250174657 0.4821275182672398 0.061449259118055724 0.15725912094116268
3 0.6382748239912852 0.5930104711893392 0.03586607123840295 0.06466251785690744
3 0.6203904608654169 0.2611564991925164 0.06486519984750014 0.16981366801906325
3 0.6237538098392365 0.3720803624230412 0.04055357123840277 0.06474433847375849
3 0.5902256097073959 0.011415192372087785 0.036701219414791805 0.02283038474417557
