0 0.3984375 0.87109375 0.10859375 0.240625
0 0.4234375 0.6265625 0.10625 0.21953125
0 0.46796875 0.38984375 0.08203125 0.23125
4 0.4390625 0.465625 0.0359375 0.046875
0 0.48515625 0.18984375 0.09140625 0.134375
4 0.5703125 0.46015625 0.028125 0.0140625
1 0.6578125 0.3671875 0.021875 0.09140625
1 0.63359375 0.5390625 0.02421875 0.065625
1 0.62421875 0.61640625 0.0265625 0.06875
6 0.559375 0.81015625 0.10546875 0.3421875
1 0.61171875 0.696875 0.0171875 0.07421875
1 0.66875 0.28671875 0.02109375 0.059375
