2 0.4529763276409603 0.7804713389724857 0.11233285672980173 0.11533052273741298
1 0.41654673771707246 0.7477888315581118 0.035741181824942105 0.07321200692008212
2 0.43337609345829103 0.854548167527667 0.08724001482874755 0.07375051779449712
1 0.42059225056865374 0.8087899985543062 0.014699169961943781 0.01619800296574958
4 0.5871577376798914 0.36008453760334164 0.040335839923887916 0.032841674904859806
2 0.68151659684397 0.0917258098464631 0.09932352076024671 0.10232118676785787
2 0.6467370316346616 0.17610346843970054 0.09925985376405215 0.10075868676785786
2 0.6216653888587549 0.28817504551200707 0.12684102570316255 0.12684102570316255
2 0.556490010911596 0.46880828018896786 0.11446835969555132 0.12945668973360736
2 0.504170118629981 0.5821094348278726 0.10834569368794007 0.13232702174882985
2 0.4953455583635883 0.6909432653602202 0.13127385771838504 0.12078202669174569
2 0.356935610264205 0.9309886507217531 0.07837435079830275 0.08586851581733086
