2 0.3775737533815887 0.3380756189017001 0.047584072008272395 0.06312073821317572
5 0.42461238538349766 0.3499548806885244 0.09166133601209037 0.09328342721213971
5 0.48753745735199916 0.11486709719007834 0.0775442920114541 0.08794095574818703
0 0.42117775537077096 0.2563140425991831 0.11766130935708982 0.18038532092583343
2 0.4145914007001803 0.22769889102760654 0.0585579346753633 0.06675516046291677
5 0.46578118336249863 0.19326607899311327 0.05238066000954511 0.07271406203449331
0 0.3558543894016332 0.48682348800828795 0.1065783586887262 0.16737589867609248
2 0.3785100920591791 0.4185443689017001 0.06624316534054504 0.0561815334984459
2 0.3244958487428147 0.546127867453958 0.06493520401018138 0.07798375889134021
0 0.2672764314528581 0.8684973271310865 0.13490335335772619 0.18587334160399785
0 0.31579410542645026 0.6716009024001461 0.1242022106938169 0.2056764193542568
5 0.5325675993395906 0.021895231907733424 0.05986589600572696 0.04379046381546685
6 0.42697869545667616 0.889199317206289 0.13007040268936265 0.17315501778268044
