5 0.3421875 0.84296875 0.05078125 0.03046875
0 0.15234375 0.86015625 0.103125 0.2625
0 0.18515625 0.59140625 0.08671875 0.240625
0 0.19921875 0.4296875 0.1078125 0.16171875
0 0.17109375 0.31015625 0.17265625 0.175
0 0.2 0.1828125 0.121875 0.09609375
1 0.28515625 0.1375 0.03359375 0.0609375
6 0.415625 0.79296875 0.109375 0.37265625
1 0.43203125 0.84609375 0.025 0.0640625
6 0.4890625 0.39453125 0.1265625 0.2765625
3 0.5328125 0.3578125 0.07265625 0.1296875
6 0.52109375 0.1359375 0.09140625 0.271875
3 0.56015625 0.1484375 0.04921875 0.08515625
1 0.5234375 0.07265625 0.021875 0.05546875
1 0.28359375 0.0890625 0.03359375 0.06796875
