0 0.20859375 0.82265625 0.06484375 0.22890625
4 0.2328125 0.9 0.04296875 0.06875
0 0.25859375 0.61015625 0.05703125 0.2015625
4 0.3171875 0.54453125 0.04453125 0.06953125
1 0.278125 0.50546875 0.025 0.03984375
0 0.3015625 0.41484375 0.05078125 0.1671875
1 0.33828125 0.47578125 0.028125 0.034375
1 0.29296875 0.6296875 0.03671875 0.03984375
1 0.25625 0.80390625 0.03359375 0.05234375
1 0.35625 0.371875 0.03125 0.03359375
2 0.34140625 0.4296875 0.03671875 0.0625
0 0.33125 0.25234375 0.05703125 0.153125
2 0.3890625 0.23125 0.03125 0.04140625
1 0.321875 0.31171875 0.0265625 0.05546875
4 0.36484375 0.30625 0.03828125 0.0578125
0 0.36953125 0.0953125 0.05703125 0.1828125
