6 0.6967620511069098 0.5398170895506635 0.18423996042459265 0.24494508706427265
6 0.7181501294647553 0.6952006303692665 0.16056344301173803 0.20942366689245623
4 0.6679774683380503 0.9122785877416412 0.0668400192218769 0.08608798620519025
0 0.47480400045022597 0.8982592740831169 0.1353310696514182 0.14421474672063966
0 0.47478406829262176 0.9742607728399214 0.13337242198083885 0.051478454320157144
2 0.5459166033454734 0.6347533740376884 0.11733134215265544 0.0980833751693421
2 0.5456964388278666 0.3332284955889859 0.07711577792830404 0.10376680913596861
2 0.4287888998182859 0.36216132179912475 0.06092421189493056 0.0624048247398008
0 0.41374815524535286 0.5062864580497434 0.11419969810012062 0.1275252137039528
6 0.7549452018297069 0.9067080184289074 0.1686282485296619 0.1849149898232348
