3 0.66171875 0.7515625 0.034375 0.05703125
6 0.590625 0.85859375 0.07890625 0.22578125
1 0.60625 0.88671875 0.01640625 0.04453125
3 0.64609375 0.85546875 0.02578125 0.03203125
1 0.596875 0.96171875 0.02578125 0.06484375
3 0.6328125 0.93828125 0.0265625 0.04140625
3 0.65546875 0.80625 0.021875 0.034375
3 0.69296875 0.54609375 0.0265625 0.05390625
6 0.63046875 0.584375 0.090625 0.2234375
1 0.65078125 0.6140625 0.0125 0.06484375
3 0.68359375 0.6234375 0.021875 0.040625
6 0.65859375 0.36484375 0.08359375 0.23046875
1 0.68671875 0.42109375 0.02109375 0.06640625
3 0.7125 0.41875 0.0359375 0.0625
4 0.68125 0.37734375 0.04296875 0.0734375
3 0.72578125 0.33828125 0.02109375 0.0546875
3 0.73671875 0.259375 0.04765625 0.053125
4 0.7109375 0.2 0.03125 0.08125
1 0.7265625 0.1984375 0.02109375 0.06953125
3 0.753125 0.15078125 0.03828125 0.0375
4 0.7375 0.0234375 0.03828125 0.04375
3 0.778125 0.01796875 0.03046875 0.03203125
0 0.5078125 0.27265625 0.084375 0.1703125
1 0.528125 0.315625 0.0171875 0.0703125
1 0.64375 0.67734375 0.01640625 0.06015625
4 0.6734375 0.4671875 0.04609375 0.071875
1 0.68828125 0.4765625 0.01640625 0.05390625
4 0.72421875 0.109375 0.053125 0.08125
1 0.74921875 0.08046875 0.02421875 0.075
2 0.54296875 0.75859375 0.04609375 0.1109375
2 0.5578125 0.56171875 0.071875 0.08984375
2 0.5734375 0.46640625 0.07265625 0.084375
2 0.59375 0.353125 0.06015625 0.075
0 0.5578125 0.0484375 0.053125 0.0921875
0 0.47734375 0.4296875 0.0703125 0.11640625
0 0.43984375 0.6125 0.09453125 0.19453125
0 0.40078125 0.85390625 0.090625 0.24765625
4 0.69296875 0.29921875 0.05234375 0.0703125
2 0.63046875 0.07578125 0.06796875 0.06328125
