4 0.5429742305509805 0.3246353460168324 0.03272396879233561 0.02921627404661713
2 0.621515310379164 0.2999775971979588 0.08921298620519007 0.06550100362819702
1 0.6267450429663095 0.26535706053746994 0.024420145861557073 0.019568455534962847
2 0.6666795669378847 0.04571424360824612 0.08007700361804453 0.09142848721649224
2 0.6436249265033946 0.16928066870483796 0.08106629353213642 0.08861112141421197
2 0.5911085153766896 0.3918302805004031 0.10260045680654795 0.14239088584218224
2 0.5403150565339768 0.6323213604448027 0.08846935775648763 0.08107143992586607
4 0.5369134175698248 0.582348642295968 0.021377033016686652 0.021021828130301047
2 0.4804332027342181 0.8786085726031875 0.050068599050060315 0.06257441106992587
4 0.529037799070745 0.8651710659797655 0.034695904567984215 0.03708333774894825
2 0.5649664964934971 0.5351909001005165 0.08254690637700648 0.08710318511654265
2 0.5348673179539375 0.7225197745099533 0.11889384215265544 0.09617065027015244
2 0.49879369911617344 0.7809151170682247 0.056809921980838854 0.07216766587924894
2 0.5161759509251957 0.8288342618960816 0.11035100180902227 0.05220239546082901
