2 0.6953125 0.69765625 0.09140625 0.053125
2 0.709375 0.51328125 0.06953125 0.0734375
2 0.72109375 0.775 0.0265625 0.034375
2 0.68984375 0.609375 0.05546875 0.034375
1 0.78515625 0.6046875 0.03984375 0.0359375
0 0.60546875 0.4578125 0.103125 0.1578125
2 0.5953125 0.51875 0.08359375 0.06328125
2 0.60390625 0.425 0.06953125 0.0703125
4 0.775 0.20078125 0.06171875 0.0453125
4 0.803125 0.0921875 0.04453125 0.0375
4 0.8359375 0.0578125 0.03828125 0.03125
0 0.64140625 0.06796875 0.07890625 0.11171875
0 0.60625 0.2765625 0.08046875 0.1484375
0 0.58203125 0.64765625 0.08359375 0.13203125
0 0.5671875 0.8640625 0.08828125 0.18203125
6 0.80625 0.7703125 0.125 0.1671875
6 0.85390625 0.53203125 0.11875 0.1625
