3 0.597153193427723 0.7021668627466326 0.09169769867918127 0.09324201734563572
0 0.3182378527609502 0.6981402447087708 0.12863517202418073 0.17959768801718107
5 0.35224068276572273 0.7336873933799979 0.09931020401018138 0.07614542401336308
5 0.3601815467854491 0.8790726187141796 0.1438783640197264 0.1469670013526354
1 0.2541918920671333 0.4974220820337257 0.04431362133990877 0.048946577339272324
1 0.2488055054105419 0.5715681066995439 0.06953179734245411 0.06798747867599957
6 0.34644138470717994 0.3024283027132252 0.13163290268936256 0.16869655068427197
4 0.44060101205440655 0.4058538420591791 0.04880112667090888 0.03181362133990877
0 0.31640482212758503 0.942474677017022 0.11072041868236297 0.11505064596595602
0 0.3229964360677696 0.5029095607097253 0.12387494668999892 0.17329314401654478
2 0.6195179947485417 0.6102520827498144 0.03828179734245403 0.06762385200509051
2 0.6142754167329515 0.4953628794159508 0.057486330681090256 0.10690452800763595
