5 0.568296894533779 0.9922957006810897 0.07701703333863605 0.015408598637820603
5 0.5735416619191855 0.622348266539826 0.10541475334181775 0.06737589867609231
2 0.6607614932765935 0.44897073262709525 0.10070907200827221 0.06559507485477489
2 0.6417291352641851 0.5395400746453779 0.09178860534690862 0.10422092721213971
2 0.6460739266390922 0.2333264619489308 0.06642497867599957 0.07180653349844598
2 0.6800233073281365 0.0699745913946009 0.1007454346753633 0.0687200748547749
2 0.7587835593173189 0.15337359635699963 0.03866360534690845 0.10174659057054054
2 0.684364814648319 0.1671043025194714 0.06958634134309047 0.07507708271265771
5 0.6715380979869552 0.1274232183590716 0.03775453866963616 0.02362159057054054
5 0.6508421479551384 0.36096131037735424 0.053506808004454245 0.03528683664159917
4 0.5226904232972744 0.29011365529112104 0.05359771467218159 0.04309933664159917
6 0.5369512759389119 0.4752527886657325 0.1338862933640895 0.23267556699689199
2 0.616909306572277 0.724422342842343 0.0816863520050907 0.041284279569504534
0 0.4386190325430057 0.9205886937542204 0.10517949069063519 0.15882261249155932
0 0.45417294923618634 0.7371662837033337 0.0877010893539083 0.1555651033908223
0 0.4753137945974123 0.5325708289886041 0.08642949069063519 0.18049232878371627
6 0.5625994499920458 0.0848289958616616 0.062228374681726525 0.11377570967712844
