2 0.45390625 0.8328125 0.16640625 0.1296875
2 0.39140625 0.89296875 0.06953125 0.11171875
2 0.48203125 0.72578125 0.09375 0.071875
2 0.515625 0.61875 0.19140625 0.0578125
2 0.54921875 0.5359375 0.08671875 0.109375
1 0.58359375 0.53828125 0.04296875 0.02578125
5 0.64921875 0.40703125 0.1 0.0421875
2 0.66484375 0.33046875 0.07421875 0.09140625
5 0.70546875 0.3078125 0.05234375 0.03203125
5 0.7734375 0.12578125 0.03125 0.0296875
2 0.71171875 0.21484375 0.0953125 0.1203125
2 0.7890625 0.05 0.05390625 0.0828125
