3 0.60390625 0.6375 0.04140625 0.04921875
4 0.559375 0.6078125 0.07578125 0.06875
4 0.47890625 0.9625 0.115625 0.0703125
4 0.51484375 0.51796875 0.07890625 0.078125
0 0.33125 0.92578125 0.109375 0.13984375
0 0.36640625 0.73359375 0.10625 0.19765625
1 0.3546875 0.72734375 0.03125 0.03984375
0 0.4109375 0.51640625 0.08828125 0.18828125
6 0.6125 0.35703125 0.0984375 0.19296875
1 0.5234375 0.11640625 0.028125 0.034375
1 0.5078125 0.19921875 0.03359375 0.0375
1 0.50078125 0.24765625 0.03203125 0.040625
6 0.66328125 0.14609375 0.08359375 0.23671875
