4 0.509375 0.20641154294004466 0.0453125 0.03151362041330889
2 0.47578125 0.17535698566025643 0.0609375 0.1394170240041051
2 0.39140625 0.3789728650505558 0.0734375 0.12386474687674207
2 0.40078125 0.5054808228960781 0.121875 0.07102154800821019
1 0.403125 0.5539046873574586 0.0171875 0.02353749394987581
2 0.32734375 0.61137681977282 0.0734375 0.10511474687674216
2 0.3046875 0.7146336299794745 0.0671875 0.09570338544042353
2 0.2828125 0.8077296450065891 0.071875 0.09416815651766228
2 0.2375 0.9103370154198981 0.05625 0.04720225292686635
3 0.64921875 0.17356670580241884 0.0484375 0.1268443011314681
3 0.61328125 0.30033828406125 0.0421875 0.11274543969514968
