2 0.4515625 0.7115044053946336 0.103125 0.14026246801399936
4 0.46015625 0.7553544027291335 0.0390625 0.03951703333863606
4 0.4390625 0.69964020472627 0.0265625 0.02530908267027243
2 0.465625 0.5811992873965426 0.1015625 0.11993178668045398
4 0.48828125 0.6041191667329515 0.01875 0.023655676002545433
2 0.4921875 0.46900837006681506 0.0875 0.093205654678545
4 0.47109375 0.4656379220639516 0.065625 0.019513616008908663
4 0.45234375 0.012294746061406266 0.0359375 0.014480670671545228
4 0.41875 0.3181538473901792 0.0375 0.05512385200509069
2 0.41484375 0.9298271440563155 0.0953125 0.088609061346272
2 0.43203125 0.8354958887253154 0.1015625 0.10899428668045416
2 0.5140625 0.3434816587364513 0.065625 0.13670111600890866
2 0.5171875 0.2091430214035422 0.0828125 0.10721361067790855
2 0.52734375 0.08113620007158762 0.0734375 0.08522952267663593
