3 0.5506091318241448 0.2676855211000231 0.11569913666229362 0.19088982710967278
4 0.2991963631965319 0.04588879301741562 0.06155912628012441 0.03853639448011292
2 0.5230055895190086 0.0568337958567894 0.07663809471009327 0.02943412986961631
4 0.2521543481879752 0.8669961797868908 0.05556673151356133 0.06965002678536117
1 0.3137589770989355 0.8297513242670037 0.09472023677523325 0.07189436525911966
0 0.20242038772110127 0.9259097094149211 0.1338275103821694 0.14818058117015767
4 0.23744012982859353 0.9316490150142386 0.06504814732681172 0.04484094155801373
0 0.24008552964506685 0.7385302605500115 0.12113008930724707 0.17693642126547432
0 0.27182689526067316 0.5560859533258411 0.1249075366905286 0.16139324188232518
0 0.3094990134365283 0.29866891964062103 0.10586911035393447 0.1829136858759707
