5 0.16485420136611156 0.5330672496042886 0.04484102773541672 0.048147994985435004
1 0.1604933564763546 0.5136496598708453 0.053888719414791716 0.03435827962517113
2 0.25391735457649356 0.5640922775801072 0.06780705547083343 0.09565949247815268
2 0.2660517190335421 0.44725411856719166 0.057741071238402775 0.06569920783841639
2 0.2320624980032297 0.6663594712327587 0.08092399810013892 0.05544366943775678
2 0.19282011967847285 0.7605330200582598 0.06290134992375007 0.08614810015828453
2 0.16046352098899377 0.8482519804039587 0.05955814437666671 0.0766821719450391
2 0.13960746675243135 0.9262549599499875 0.06133884992375007 0.08610263605166182
1 0.06796559004319509 0.7704201485880742 0.06784211664125003 0.030079956584775226
1 0.23975609707395845 0.15719741989997515 0.032268292553055564 0.044659282132453626
1 0.2634462105810765 0.06660351214070091 0.03779224715020835 0.08073317445232167
2 0.23424194063253526 0.6256435430195133 0.07416615824437507 0.1005288489046432
4 0.22124575246854192 0.33598164944600406 0.04451371941479163 0.034085494985435005
