6 0.52578125 0.77578125 0.19921875 0.44765625
3 0.6640625 0.53125 0.04453125 0.203125
3 0.68203125 0.25234375 0.03671875 0.10078125
1 0.61328125 0.33046875 0.0265625 0.10078125
4 0.5671875 0.50234375 0.04453125 0.01640625
4 0.52890625 0.5859375 0.021875 0.01796875
4 0.5578125 0.5703125 0.03828125 0.01875
4 0.5890625 0.61328125 0.03828125 0.05625
5 0.50078125 0.97578125 0.2359375 0.0484375
5 0.5640625 0.8015625 0.146875 0.215625
4 0.58125 0.74140625 0.07265625 0.11484375
4 0.55390625 0.85 0.08359375 0.09921875
1 0.59921875 0.4875 0.025 0.06171875
1 0.60625 0.42890625 0.0109375 0.03828125
2 0.50390625 0.64296875 0.06640625 0.05234375
