1 0.29087740109535665 0.059937438213551596 0.05723348997087019 0.08972834486680373
1 0.2931553034443546 0.14255893722496843 0.050528848904643375 0.07384867688202612
0 0.3544993510827214 0.555191588403832 0.13335337226160834 0.18490819368794006
0 0.3892056570343584 0.730130580000875 0.12871133636823107 0.18627969269935712
0 0.3825057129859955 0.9067567469970694 0.1325804824490227 0.15834569368794008
1 0.5171762296790429 0.8911251353243518 0.03868206677218975 0.04215300790866543
5 0.6389091064929977 0.43513777908884155 0.12428459765100222 0.08777852570316255
5 0.5686109783588946 0.4106908774156864 0.07530152837152997 0.0670548488211363
1 0.35242970038307614 0.33132300688290117 0.0483753155185485 0.0534725098858317
5 0.6350613778048987 0.6210116120926472 0.03036946159934022 0.02464717292769336
