4 0.3223039757837468 0.6913202996169239 0.03390377404661713 0.03220474623907634
2 0.5018824146133047 0.2069860667056827 0.03590278366526398 0.04475021034569906
2 0.42584321506879164 0.30174698574772807 0.05966766587924912 0.05480717194503919
2 0.41301334365457976 0.3780139690546806 0.059831356986241604 0.05949467194503919
2 0.40974944519852574 0.44908498700136923 0.037847229581580065 0.055733174452321774
2 0.3616616308632228 0.5720307420159342 0.04749504809323426 0.06381845909205772
2 0.34233622278852194 0.655147118896396 0.047003974772256554 0.049755959092057725
2 0.265029645206375 0.8757802161516868 0.031215283665263983 0.044613818025830906
6 0.4405034597113141 0.10588055628084143 0.0913393065307547 0.15718802586424746
0 0.6707192385672547 0.07504104790106422 0.10231152286549072 0.1138017387172289
0 0.6338243845762379 0.16859481960867656 0.11335815027015243 0.11724498746358769
0 0.5934945065386039 0.29333039515635495 0.10389387023308565 0.15911423871722885
0 0.5522196873939775 0.42273073865072186 0.11412204210278443 0.1391199874635877
0 0.5092186771423585 0.5567731180384662 0.1147768065307547 0.15786998746358769
0 0.46838780209994946 0.7182501756394559 0.1423760168750409 0.18833037727617316
0 0.42547607188539727 0.8945255191338228 0.14878970798203356 0.19319973370266402
2 0.31286199919739177 0.7825446931904331 0.0658829495445131 0.09869356426490725
