5 0.49819259933959065 0.04898902936685825 0.08835452267663584 0.0739465601084586
6 0.7067810900699968 0.5197020260472085 0.16936926002545327 0.18847266842151916
6 0.7321458114258139 0.6854633814334028 0.16459085335772627 0.18063289734428026
6 0.7585372307844945 0.872323031999137 0.1377010893539083 0.1523533612399266
0 0.5317934647914943 0.9208675327847038 0.12531017735518085 0.15826493443059242
0 0.48758783676794987 0.7488799450579029 0.12856244668999892 0.1726113190854491
2 0.4541811593729982 0.29481006859446973 0.06309998400699968 0.05192611436318471
2 0.4697703440483614 0.35895892700572607 0.060138616008908664 0.06597043364502549
1 0.42401985001590836 0.11964644213103659 0.05083634134309047 0.07216589149054778
0 0.469108367401315 0.5034765414671066 0.11766130935708966 0.17567268657189175
