3 0.7494649374984033 0.4883084324998361 0.050945557370694415 0.04237103847458741
2 0.5539043964639591 0.8204017138028472 0.10592530452090294 0.12391370435383635
5 0.5530133904800354 0.7821204638028473 0.05853985182361114 0.0332688569862416
1 0.49649389959809104 0.9404711663425853 0.024310322188333445 0.038318455534962936
2 0.6793257837193403 0.07107758675708069 0.10367312670923638 0.14215517351416138
2 0.6292400904244447 0.3283109283234848 0.10708906743868063 0.17391370435383643
2 0.6045700115865976 0.47773057496544025 0.0933162017473613 0.1187896947351895
2 0.5913452726045143 0.5814012119887488 0.10926851006798621 0.13339783175849823
2 0.5855881947165977 0.7035763123515685 0.07456620174736131 0.1181349303072194
1 0.524142854860834 0.7510713604448027 0.026018292553055565 0.044623019237293705
