3 0.6277229406771083 0.5878825009244368 0.09574883723582168 0.07777331050398359
1 0.5045501028521115 0.2774571294542513 0.07837953005422929 0.04602320533113406
3 0.6075427717646098 0.43146501636384305 0.09574883723582168 0.07777331050398359
5 0.5818508627128647 0.8196469779631832 0.14439541549465282 0.11512019780928676
3 0.610038075331965 0.01100673000824729 0.04865566861791084 0.02201346001649458
6 0.3495318465073997 0.07028479011651943 0.10703177088084707 0.13746655925034232
6 0.3603546752572102 0.35820232726353796 0.1404987767345796 0.2509213054894186
0 0.3227712993829523 0.7764127696625482 0.12134880093507636 0.18162573620994635
0 0.3554060165000526 0.9402790413701606 0.10369769262201593 0.10143813103709717
0 0.34009567564999366 0.6181228965430101 0.08521131303532484 0.14620506175762493
