0 0.30973224990309084 0.63156431228074 0.11624716831236129 0.23264535672980174
0 0.30981924961875035 0.4340990632693232 0.08183449430041678 0.16255834980971962
1 0.33549270326597264 0.49758590171033623 0.09284211664125 0.0318813527754692
5 0.4390501950978475 0.3191664244477493 0.22532861474138882 0.09035438045579802
5 0.4206853208571532 0.5026182530029306 0.1912809230620139 0.10301620653952134
6 0.35591953172257007 0.7715964046760858 0.1340529173624308 0.25990819368794005
0 0.36284679853697926 0.09673832612090442 0.06853440729444457 0.12767401384016447
5 0.3956222777354167 0.06295091653908384 0.05450696846486114 0.0615396778706093
0 0.2672044834699313 0.8770983522811775 0.14026654977125022 0.24580329543764493
0 0.33617846181534744 0.2587780696951138 0.07718336189159736 0.1639298488211364
