5 0.4769876442984251 0.7531761949727998 0.04961956677218975 0.04203438730530316
2 0.24021009217421874 0.43557247248639985 0.06909699247815268 0.0675799565847754
0 0.2463644669431096 0.5933395083797771 0.07725648495630519 0.13338681301126593
2 0.24925613473151365 0.5314843660599091 0.08080738229073817 0.09446070533113407
2 0.21847279915470547 0.6559220764056082 0.04615959765100204 0.08408549498543501
0 0.2195197882676458 0.9068851828320987 0.10762594655564542 0.15768813103709717
0 0.23122050323219828 0.7446890597125607 0.09127352084968247 0.13223348997087
5 0.5023868655976906 0.06748273588074205 0.1304891335443795 0.08497805674305985
5 0.4806459094086269 0.15334367953339362 0.14192673871722886 0.1024838054894186
2 0.2672844398917279 0.04930235187414421 0.07258570533113406 0.08017088479802065
