2 0.35234375 0.37734375 0.03828125 0.05546875
5 0.40078125 0.38359375 0.07890625 0.07734375
5 0.4296875 0.14375 0.06640625 0.075
0 0.38359375 0.29140625 0.09140625 0.1625
2 0.3734375 0.2640625 0.04921875 0.0578125
5 0.41875 0.22421875 0.04140625 0.0640625
0 0.35234375 0.5265625 0.08203125 0.1515625
2 0.36484375 0.45625 0.06015625 0.04453125
2 0.3296875 0.5890625 0.05390625 0.06796875
0 0.31953125 0.9140625 0.1078125 0.16484375
0 0.3390625 0.7140625 0.09375 0.1875
5 0.4609375 0.046875 0.05390625 0.034375
6 0.48125 0.91640625 0.1046875 0.153125
