0 0.29358483271716695 0.8641046177011968 0.16375009263745516 0.23347224282842377
4 0.24825521609177842 0.8493079969199571 0.06174232878371626 0.08639385698624195
0 0.5189425909848253 0.10526038575736418 0.1402398180303493 0.21052077151472837
0 0.454721617453958 0.30157235744957783 0.1395463052100677 0.18270835099579194
4 0.3211470223353035 0.5737697943802191 0.04255568114108108 0.07636409255827133
0 0.35495263399829324 0.6685267336731131 0.1538271290313853 0.18788692431676957
1 0.5676688037668349 0.6899577564537859 0.06068494292790536 0.03019842068857237
1 0.7609331918944481 0.04050584956021149 0.055924668320799495 0.028472229581579956
6 0.6777973984712047 0.26804306171859626 0.17567651199171194 0.35556549763774725
1 0.7367272504142848 0.12480892769051262 0.07191354135632899 0.036830366604888545
1 0.6781034594722406 0.3117112161651 0.07551373035529281 0.0806349303072194
1 0.6498799520286426 0.4320336398488974 0.06784677956950454 0.08348711179556503
1 0.7154665264691327 0.1793699421184829 0.059670406533975394 0.07540179328391083
2 0.4828828889606919 0.5845014193378102 0.08703342721213972 0.0935168762235353
2 0.45849501096276396 0.6727107474681112 0.08307367328319834 0.10897818511654264
1 0.5164722150583211 0.9350991308632228 0.04818494292790554 0.029761911069925873
6 0.5910228746926683 0.5737052738769811 0.1266481989237615 0.20721727767481415
