6 0.3376719549539895 0.37290208980135725 0.22078324756107276 0.5763482103256996
1 0.31922809781254463 0.5800166397872398 0.034230724025417644 0.08316111049510884
1 0.28399616112579495 0.8099617450206769 0.03524775324641087 0.05200211575678075
1 0.27524667817192355 0.9088087686982002 0.033077327109672795 0.10650760523343691
1 0.3443446948077198 0.3483193187546699 0.03590231818121907 0.08950211575678076
4 0.35464699513203135 0.29464828718463876 0.030232970779006774 0.03297909997176518
1 0.35123166883313744 0.26675080033881843 0.029270488635914305 0.06726309471009326
1 0.32774575568533815 0.49445086610971656 0.034367091720169364 0.09097361049510884
4 0.42902979180619016 0.5939132688393745 0.07455571509696401 0.0683397472985769
3 0.21042802192068782 0.7322987475809256 0.08064207386326191 0.05932876834526439
