0 0.7324334834385257 0.8243155478713892 0.1659706943995097 0.3513689042572217
3 0.7640397992094238 0.847906356760695 0.0961609104104042 0.1239479526972918
3 0.7458758152062008 0.6298103201915631 0.0504242052052021 0.062028527735416714
1 0.7658745859705395 0.932989871578334 0.061088689420186526 0.0575956008736803
0 0.5502216809629814 0.6595848199072226 0.1397582629424182 0.22950827488562506
4 0.5612277994211852 0.6208314444322574 0.06513915258848364 0.04676720364722229
0 0.5650254465362355 0.880164197947639 0.1551858418674957 0.23967160410472205
0 0.5394606732822351 0.43463937129399355 0.10474622611071513 0.21777068787965276
0 0.5349951682323248 0.21062064304548658 0.09987671558737148 0.21453658510611112
0 0.5341166657426633 0.06158373100138934 0.08698333148532651 0.10032861474138896
0 0.6567420946395062 0.11749085172670193 0.09785918927901224 0.20668771751493065
0 0.6820661312594476 0.3513573586605561 0.12706084186749572 0.2526184665650001
0 0.11544267548954808 0.8702592550339932 0.06334841041040425 0.12318423328249999
0 0.12984753875666716 0.7559064675149306 0.06968941567207607 0.12489220364722228
0 0.13092564939295034 0.6404633054708334 0.07078147881213828 0.1436422036472223
1 0.15963666538972737 0.4234582966371182 0.03680132096198276 0.09603985182361115
1 0.15248358902489842 0.4747844072944446 0.022587631541796237 0.03953527868534721
0 0.16379427339517466 0.3073066197753821 0.06968941567207607 0.12489220364722228
0 0.19370376834526432 0.08408797853284737 0.05150085779368574 0.10730466014423615
0 0.17829014192396558 0.19451633225631956 0.06096686305535761 0.1090853656913195
