3 0.49643755331000106 0.19799700248639085 0.03799089600572696 0.04415279172311406
3 0.4729631433004561 0.2671221387370094 0.04098862667090888 0.03337906603337348
3 0.5304682026575459 0.09502913274411565 0.03786362667090888 0.03321529172311406
6 0.45779103461172976 0.4289260979184066 0.09449652936027135 0.20326884215265545
3 0.4206995672740481 0.4590329997728574 0.042769302673454135 0.05221095318850324
3 0.3947905005967759 0.5358478052907814 0.031613626670908876 0.032887743102595124
3 0.35214737257323153 0.7071562392574078 0.04438634667409058 0.056980340343633175
1 0.44712625461491146 0.4049153878324983 0.025836341343090475 0.0731851944820761
1 0.43069218527213915 0.47362776628120073 0.020894302673454136 0.051064533016686654
6 0.5589926446530915 0.12935654511401604 0.07854426535645338 0.17432497060135788
1 0.27052301320818756 0.9366146879233554 0.025672709341181488 0.0591226944820761
