6 0.5154314384902858 0.8109375 0.1413294159640671 0.378125
1 0.4999403585458861 0.87421875 0.038283739200226916 0.0671875
1 0.46620771008983225 0.9453125 0.035049611795565025 0.0640625
1 0.5185564384902859 0.8109375 0.03030754809323426 0.0625
1 0.575738999830364 0.65 0.03762897477225664 0.0484375
6 0.6305133237843139 0.51328125 0.0921776094333124 0.2234375
1 0.6073461530957414 0.57265625 0.03650298439090349 0.0609375
1 0.624208760081983 0.51484375 0.03187004809323426 0.0625
1 0.641361543747247 0.47109375 0.03902778366526398 0.04375
6 0.7132886513664608 0.290625 0.11270836424263582 0.2296875
3 0.70802574329176 0.37421875 0.0672271947351895 0.090625
3 0.7278323010036412 0.29921875 0.06947917549789598 0.065625
1 0.8039682481859014 0.04296875 0.02641865626060209 0.040625
0 0.21329353041558505 0.89453125 0.14264883538669526 0.1921875
0 0.2867558561836335 0.71484375 0.15364089908902612 0.19375
0 0.3514880226958548 0.5390625 0.11005459019601868 0.1984375
0 0.39913189292894036 0.3828125 0.1237351442797026 0.1875
