5 0.5771900756806924 0.9472040389746732 0.05899456677218975 0.042980678859192524
5 0.48444996087442443 0.7285906432330171 0.049574102665567034 0.04103617688202608
2 0.5798834474800822 0.45236904144613127 0.06703438730530316 0.051111513840164415
2 0.5577607434025895 0.5422273788985612 0.07561977711788863 0.0779923488211363
2 0.5502965505413607 0.26239529886050506 0.04640363855894449 0.03934634288963732
2 0.5935537717076123 0.022770360646953446 0.1285174565847754 0.04554072129390689
2 0.6136185676301196 0.09750778650321537 0.11223923871722903 0.1028941897336074
2 0.6063168814993154 0.18754253749179853 0.15447220282385157 0.10617569863085596
1 0.701179156638647 0.8695817632715108 0.07716555674305994 0.13111734882113665
1 0.6939469813283955 0.7426836822448715 0.06715405925034226 0.10886034684397003
6 0.4417686481923628 0.18410315559030682 0.12810358260730742 0.2190285257031625
6 0.4581053873718101 0.4003674841454882 0.09145537727617317 0.13950285178688587
0 0.42262224762573153 0.8957582385941123 0.10477373119538154 0.1681371877564409
0 0.423353336501245 0.7365424060845983 0.1203078029821361 0.16564885771838506
0 0.41560433564331517 0.5737704920541535 0.12816576708875882 0.16752969269935694
0 0.41462216033306376 0.44661774304273677 0.11176787727617317 0.14033052273741298
