1 0.3264710222059404 0.2721151809144087 0.059815351786885886 0.09044793758467104
0 0.3472570715979181 0.431619655699638 0.13758220752810457 0.2005466338757694
5 0.3871499011416826 0.44745933966626456 0.07792868182494192 0.07580558344622812
5 0.3666264955141947 0.3963029534156459 0.0519100098858317 0.04949538896415202
1 0.27300785220681545 0.6849770290599579 0.05879667984777566 0.06544793758467123
1 0.24934090604741738 0.82576248134395 0.06880834980971962 0.0815642605154494
1 0.2405641308385464 0.9454984492317745 0.06568334980971961 0.08140048620519025
0 0.28340288825292026 0.9081721896208361 0.12954953163466154 0.15646908525525022
0 0.2999112504199295 0.7708802295349277 0.11654019566510643 0.14331398801421233
0 0.3362201180241462 0.6068243735874624 0.12007637254713259 0.1918333751693421
