4 0.9039364067388631 0.4497829947785757 0.0924829065339754 0.0755104526972918
4 0.9140499230738012 0.6333403771873951 0.07068068114108143 0.07656380642076392
1 0.7871727458616615 0.5455702330950688 0.04531680810555176 0.06816942496187509
1 0.8533242847367912 0.5385558604698952 0.034122442927905186 0.02888871941479181
4 0.8510147679875681 0.5057615442654854 0.0543621683207995 0.027798998100139017
1 0.910663749790603 0.5270540095962145 0.035539393713693815 0.025800087005972295
1 0.7880332326270952 0.6480049020730203 0.03968323821317554 0.04774782218833344
1 0.7778276710068868 0.4456793358686104 0.04568068114108108 0.07598192496187509
1 0.7897582826698765 0.3492037261612146 0.02809076674922295 0.03343074905006951
2 0.8716481757643976 0.12596428828156178 0.08823205417661058 0.08477634992375008
