6 0.33203125 0.42681048669130817 0.278125 0.5941452253226016
1 0.34296875 0.6327249056646689 0.0421875 0.08609400889724857
1 0.33984375 0.8630663216722801 0.040625 0.054780341901054186
1 0.3453125 0.9534645341061196 0.04375 0.09307093178776071
1 0.3359375 0.40196965418179414 0.0453125 0.0924713428896375
4 0.33828125 0.3481589046760858 0.034375 0.035775673916276673
1 0.33125 0.320528653193211 0.0359375 0.06865184091247105
1 0.33984375 0.5474413216722802 0.04375 0.09397017589344295
4 0.4546875 0.645089595892568 0.08125 0.07674818380210838
3 0.25546875 0.787753303877783 0.0859375 0.06756418479069151
