6 0.45633952623082347 0.6950208047918338 0.15373358887329508 0.22279439204448082
6 0.4394773320874317 0.8954980917234646 0.160235894391219 0.1979307597392328
0 0.29058280868168335 0.9192101014626974 0.12677494120271576 0.15519778896022557
0 0.3117573665744565 0.7413345174531656 0.13408283016686778 0.20527960957707697
0 0.32751076209732927 0.5346208672910098 0.11796650723608923 0.19563187418757338
0 0.34388163330994254 0.32476858035937894 0.11656778154634875 0.19872960064862308
0 0.3624701017635938 0.12738901988879764 0.09749687697836436 0.16249209172016937
0 0.6272452527135334 0.06754246144681125 0.08261550542706679 0.1350849228936225
0 0.6151148241739739 0.24809343750411914 0.09641241180407345 0.23116027110331833
0 0.6037147359780475 0.4781900405883742 0.10734991180407363 0.2313511858759707
0 0.5832262528250751 0.7139190349063314 0.11006547602842467 0.22359323295387146
0 0.5770558972162941 0.9095179070653099 0.08976626413349428 0.16391822402541756
