5 0.6540285678209523 0.7706235129840112 0.20742300992479734 0.1605385659621911
6 0.719458822783351 0.8499519438003663 0.16360885152879537 0.29306017447164334
4 0.6709699729071856 0.899466130470454 0.05665241439185813 0.04250566256778683
6 0.7394480293601076 0.6247746817983137 0.11814649420903187 0.2225022347764936
1 0.7340327832890491 0.6091769528755526 0.056690955748187125 0.07687157220870695
1 0.7387332076057046 0.8107667239527915 0.06301373035529281 0.0784704336450254
1 0.7300174871752093 0.8920894468254283 0.06130568114108108 0.07533634328594588
1 0.7371087032624783 0.9772275161072692 0.05955909057054072 0.03783634328594587
1 0.7266847020241334 0.48496729323463217 0.0643579065339754 0.07379202400410509
6 0.7362330223307942 0.35440763964383604 0.11992731803034928 0.2271988251355732
1 0.7343109574008169 0.4138099107210749 0.05283820967712849 0.06122839149054773
1 0.7379367634394541 0.29031786856659714 0.04607878742738745 0.050254530054229286
6 0.7403061304791274 0.12307128123257967 0.10669957195929065 0.21150110226293628
1 0.7396147717116218 0.10822753123257967 0.04985875889134021 0.06433521077238855
4 0.6817639619489309 0.6446468202637995 0.03477741439185813 0.042378397540672096
