2 0.4283382707028719 0.6782427662085386 0.11188416558343128 0.1501203683170294
4 0.43460586161226233 0.7215832425310152 0.04133411201270878 0.04299113680346807
4 0.41683770901447453 0.6664253056710774 0.028588650162155817 0.028200594710093264
2 0.45170936120522526 0.5465454451759686 0.10996710957707681 0.12971686305535765
4 0.47316162135149503 0.5694901215125627 0.019186376623205346 0.026092063140062294
2 0.48644464570122425 0.43447808468085986 0.09387845941492116 0.10224431043863902
4 0.4646514663180752 0.4310646583442656 0.06600682954530476 0.02569722099021767
4 0.4235060892878327 0.28439405567107745 0.04004434740221221 0.05852513154179624
2 0.37690463555824977 0.8974246766895299 0.10004663879807003 0.09792083148532668
2 0.4004160478952702 0.802400603026124 0.10977619480442442 0.11877936305535748
2 0.5167515288172514 0.3078399899707665 0.07586484496658023 0.1433397472985769
2 0.5292533031669807 0.1728734557698995 0.08940914772652384 0.11447129465362353
2 0.5478687098219581 0.04569026603207064 0.07965231818121907 0.09138053206414128
