2 0.3817111269935767 0.34025233790954046 0.0482933360560418 0.0628475098858317
5 0.4289134353142017 0.3524048280237087 0.0926979526972918 0.09275518577927473
5 0.489137848023889 0.11769956418354424 0.07852634992375015 0.0874946828135252
0 0.4243876298433683 0.2587503285180003 0.11969817021222226 0.17971135771838495
2 0.417464829406528 0.2300987465027778 0.059303571238402776 0.06641817885919252
5 0.46828179378732654 0.19596648562836294 0.0531990416031249 0.07241351087441492
0 0.3617103643601393 0.4888635928524563 0.10846972948277793 0.16676568874502423
2 0.38358405793937533 0.42072108790954044 0.06686149810013901 0.05579901384016441
2 0.33102471523381993 0.5479812662744413 0.06580814437666671 0.07761034684397003
0 0.27752438763024384 0.8699955291260226 0.13699477298576407 0.1850991946765234
0 0.32377787252826445 0.6733951017497048 0.12653005167111128 0.20496602570316255
5 0.5331040939398264 0.024415137795809696 0.06035692496187508 0.04460684585538687
6 0.4375540042714938 0.8916264955141948 0.13201633225631965 0.17240819368794008
