6 0.7413621005539959 0.23467211216597147 0.18700722116625174 0.25679087226160835
6 0.6960749619285446 0.6634586902209323 0.22031982633910124 0.2749331185006845
6 0.6642639869348622 0.9008113083924126 0.20466608260730723 0.19837738321517479
6 0.6486935642649072 0.08132214014178998 0.2221143438900784 0.12198997492717537
0 0.4580821830947963 0.904526684448198 0.14001254922121245 0.19094663110360416
0 0.47543350448583954 0.753051072973889 0.12802937476889084 0.16140416442319178
5 0.5487643897460786 0.5100799744649569 0.08241534639736088 0.09606866943775678
1 0.542566899379497 0.2702589565182683 0.04878449247815268 0.06698892319868044
1 0.6258607164808911 0.9330604848897982 0.05603470282385174 0.1015457796251713
1 0.6547118275262354 0.7442169452354972 0.03886392319868044 0.04796613855894431
1 0.7135266055685608 0.19014922235338588 0.055716454077492726 0.09060827962517118
