1 0.3057822114099055 0.5797438902073475 0.05105451734563573 0.0932453889641522
0 0.35393790073995113 0.5580636420163698 0.15227266669318062 0.20317366689245625
1 0.32359587273231516 0.5002577860689045 0.04920111600890866 0.06816350180902227
0 0.388111811386043 0.4083845465843541 0.10136360001590834 0.12242827792830405
0 0.33557989409608646 0.7249678589996831 0.12216699602163539 0.16568031094499086
0 0.2891423407860854 0.8943043571906607 0.11762494668999893 0.1779346494796016
6 0.501714518777813 0.844544453865872 0.10601583203372585 0.25384205223856354
6 0.5554918574156326 0.6349923914505429 0.1117749360279987 0.2119821008590826
6 0.606861811386043 0.41984874830251934 0.1368840240292714 0.22266729534115867
1 0.6381834420353165 0.2934433785602441 0.058394302673454135 0.0530298247398008
1 0.5630407280792237 0.6127455772261916 0.047238626670908876 0.033706614653892686
1 0.5792367980585428 0.4613435295101838 0.05826703333863605 0.042092324739800804
