0 0.45186741808558695 0.6563597469456411 0.1307976560311804 0.2371499314570915
5 0.46199584874281463 0.587465533777344 0.09291475334181776 0.06786931043863902
4 0.5732446207829037 0.8890573968327015 0.048946577339272324 0.04657116311182748
5 0.5319389154598578 0.9623815047675617 0.06604317067154533 0.03975972099021767
5 0.5334306653405452 0.08415779423010053 0.05968408267027261 0.030020699943530273
1 0.410884598026726 0.22067287592718854 0.030469297342454026 0.0689165999717651
1 0.39643065201304484 0.11911808120297782 0.05392497867599957 0.07184417889684287
1 0.39678628270208927 0.28387082594130597 0.03330339600572696 0.04409861049510884
0 0.4343328307208611 0.42424519695975854 0.11993288136536222 0.24276289462538864
1 0.4442521760423162 0.33738223379146143 0.047965880012726815 0.09648015785015555
1 0.4489584047183158 0.40635974694564103 0.04287839067472703 0.06183214206513998
0 0.4717184834499946 0.8862670548240313 0.12285788669636233 0.22575740514873247
5 0.4610504193984516 0.506215533777344 0.03475680800445424 0.034814615756780756
6 0.6632321794239049 0.7053642072713406 0.16208401869827113 0.24209503669052843
6 0.6545640620623608 0.49718768622465326 0.12718176002545328 0.19478042093374787
