4 0.5719096169834066 0.7471307321488458 0.04360615626060227 0.04308214206513981
4 0.5350371989115409 0.010992894978324527 0.058050602176918174 0.021985789956649054
6 0.42307042305082526 0.08333375017646792 0.1171031983633867 0.16666750035293584
6 0.4200198010036411 0.2741468004094056 0.09037700725639422 0.17678928413027978
1 0.41497518085537355 0.10603383724110853 0.028690484390903315 0.06248458944842143
0 0.40836049375509614 0.8759445188393744 0.140431570958725 0.1812639525037792
0 0.4095485154394606 0.6856380372552259 0.1397420901960187 0.20617294724210708
0 0.4072667967424719 0.48305906882525707 0.13823415389834964 0.20764444198043536
5 0.46026282197021534 0.5283113846667422 0.027872028855940555 0.03904708944842135
1 0.5885266873091595 0.6954849321629633 0.03310516587924894 0.05494510523343692
