4 0.67421875 0.74140625 0.03671875 0.0328125
6 0.5671875 0.6921875 0.13125 0.284375
5 0.56875 0.709375 0.096875 0.0953125
4 0.53828125 0.67890625 0.04296875 0.02890625
4 0.54609375 0.615625 0.05234375 0.0265625
1 0.659375 0.546875 0.0265625 0.0609375
0 0.4 0.88046875 0.0953125 0.21640625
0 0.4609375 0.6640625 0.096875 0.21171875
0 0.51484375 0.43046875 0.08828125 0.21796875
0 0.56015625 0.21953125 0.09296875 0.1640625
0 0.65390625 0.91953125 0.06015625 0.13515625
0 0.7296875 0.59296875 0.07109375 0.20625
0 0.77890625 0.3875 0.07265625 0.1828125
0 0.82890625 0.18515625 0.06171875 0.196875
