5 0.6044978015487181 0.9696114340223974 0.10457049756436802 0.06077713195520538
0 0.5170756680256539 0.9146235012431955 0.07218646590774291 0.170752997513609
1 0.49199384740880275 0.9328633254171693 0.023184129869616397 0.07614642017181658
1 0.5176541408332556 0.8067478827441157 0.030751168019063257 0.06249335594746519
1 0.5055711521973413 0.8717996726582073 0.01973184740221221 0.057232645861557074
0 0.5520933705407162 0.7600709565794054 0.07950804220663663 0.17276247060135788
1 0.5272570117744181 0.7493857620973292 0.027571620941162677 0.059204581637205676
0 0.5579866347441756 0.6016409808896649 0.09025462743398442 0.162398180687266
1 0.6183140288172514 0.3709951684743359 0.027353432629559825 0.04670458163720577
1 0.5954844549539895 0.42453624830251935 0.036782979707460584 0.050320904567984215
5 0.687558501217816 0.0774775418346557 0.07488299756436803 0.08666119629109834
