3 0.5674873640698135 0.64453125 0.04741351087441501 0.0515625
4 0.5266368709898958 0.61171875 0.08267984882113648 0.0734375
4 0.4077516308385464 0.96015625 0.12349584980971962 0.078125
4 0.492143807263462 0.51875 0.08774935079830275 0.0828125
0 0.26513039072437816 0.91328125 0.12473469764227278 0.146875
0 0.32130343076199674 0.7234375 0.1286528765014653 0.2046875
1 0.30987118224487153 0.71640625 0.036094008897248564 0.0421875
0 0.3893689757425312 0.51015625 0.10945720752810448 0.19375
6 0.6070087563886096 0.36484375 0.11908687551288218 0.2
1 0.5451613082892262 0.11875 0.031151840912470873 0.0359375
1 0.5207250409890207 0.20078125 0.03752917490485981 0.0390625
1 0.5086269476050918 0.2484375 0.036094008897248564 0.0421875
6 0.6810377998862693 0.15859375 0.10986838441013055 0.2421875
