4 0.6276174488583189 0.7980060350160263 0.04448638555165907 0.04371528366526398
4 0.5114011501621558 0.04440483066218985 0.06030230032431163 0.05519842068857252
6 0.40728244034019756 0.11806553075485711 0.1234762305182393 0.1854514050794759
6 0.42558992978689075 0.31702138592700024 0.09683190990138843 0.1798363221398514
1 0.40235916111920444 0.1491245577966991 0.03077844155801355 0.06353671034428628
0 0.47672887905224687 0.9138380718657743 0.14535123051823948 0.17232385626845143
0 0.4577765073003054 0.7296131551642938 0.14732283360249454 0.2097073606144388
0 0.43471333400623635 0.5265873588851582 0.14578760714144484 0.21121529691210802
5 0.4925491534052714 0.5746726840202344 0.03036933847375849 0.04009921034428636
1 0.6392174220729577 0.7468800446346732 0.03376707386326192 0.0558333377489479
