4 0.43434246873008797 0.46219672394177536 0.0837942920114541 0.08533861067790856
4 0.39918731341499625 0.5969989852800934 0.07941587468172653 0.11184656667727211
4 0.41273164540895113 0.5523041032781844 0.05690452800763594 0.05690452800763594
4 0.381428196093223 0.6823734112826386 0.06326361600890866 0.06635225334181775
3 0.6648770427673135 0.7337700899109132 0.04909202800763594 0.05681362133990877
3 0.7033111920750874 0.5450161252387316 0.048982940006363405 0.04743862133990877
3 0.6930373107494961 0.6021746445735496 0.039662484006999676 0.052017033338636054
3 0.7865658506922262 0.17915422056018673 0.06524428668045398 0.10230793467536321
3 0.8002823580124085 0.082106497891505 0.045839758672817865 0.04583975867281791
3 0.8045607780076359 0.046895703890868654 0.03466590133672724 0.025399989337999786
1 0.5754974641151765 0.8418558572565489 0.08090564934754489 0.10561474801081765
3 0.6479173567790857 0.8206979252466858 0.039662484006999676 0.052017033338636054
1 0.5454474321291759 0.9453444839274578 0.07300224267981754 0.09771134134309065
