2 0.5473165766523771 0.7525848192632305 0.06667284684397004 0.0648079346753633
2 0.5760106265386463 0.593581989258458 0.07521485870696817 0.12113066000954512
1 0.7113592416342241 0.3473598752387316 0.04923067885919252 0.05835794000636341
6 0.6665759126219323 0.7637030379137767 0.14207870653952134 0.19062609468490824
6 0.6630795450177155 0.6011666752466859 0.1309210306460784 0.14676700668363551
2 0.5853498399610688 0.4199535852562308 0.03896434091247105 0.03637385200509069
0 0.423636337526792 0.8056109166136387 0.1197288626613009 0.14038973734881743
0 0.426189698668037 0.5421751252785025 0.10394203657757739 0.17456474267981753
0 0.42699882908665393 0.3702092186107753 0.11724053262324485 0.15597837468172662
6 0.666197863724246 0.9270661039147313 0.11784802768032883 0.1325590560152719
