3 0.521875 0.04974447342149415 0.05 0.05799603847458738
1 0.50234375 0.29808276970062986 0.0328125 0.06520833774894799
1 0.4921875 0.3601561837657804 0.03125 0.06359127404661713
1 0.46015625 0.6034622396635629 0.0359375 0.06531746515360978
1 0.47578125 0.45447910264025443 0.0296875 0.06822421034428636
1 0.44296875 0.6704686903892023 0.0203125 0.06945932813030105
2 0.65078125 0.5991492179791985 0.1 0.10036707694917482
2 0.671875 0.48669385799773196 0.0625 0.09749504809323425
2 0.628125 0.34212789166299595 0.0578125 0.02389385698624169
2 0.75546875 0.08221219992303122 0.0828125 0.13101687622353536
0 0.859375 0.1156100647986392 0.10625 0.2312201295972784
0 0.80859375 0.3155132840437821 0.0890625 0.21717263103285883
