4 0.5281965348567021 0.8816901834022696 0.03506598423243048 0.030087489337999783
6 0.6400899374984033 0.5213713960852688 0.09676981648875013 0.19794769867918127
1 0.6441760658231601 0.4284753714194506 0.04643989532659738 0.04896475867281787
1 0.6464133258911463 0.5581537807526779 0.041643292553055745 0.0442227146721816
6 0.6357693794621186 0.7048651487507689 0.08561411094166686 0.1884454293443632
1 0.6404373892457644 0.6369691240849507 0.05890352773541672 0.047547709341181486
1 0.6427278942797574 0.7018219647517233 0.04295121941479181 0.03330339600572714
1 0.6401672451534381 0.7595890114178598 0.051018292553055566 0.044331802673454136
6 0.6371721445640979 0.8986351387054301 0.09535278685347244 0.20272972258913988
1 0.6378793529609729 0.8290748080839961 0.052798998100139015 0.053724984006999675
1 0.6396613649288202 0.9056373080839961 0.052798998100139015 0.053724984006999675
1 0.6390087079187161 0.9745391127068619 0.04978310087368065 0.050921774586276315
2 0.5384735393220144 0.5514305187380423 0.052873039703263916 0.12401930267345414
6 0.6394645031341321 0.12537764341976873 0.0950982137152085 0.1932420173456358
6 0.6355985399876044 0.3284026460852688 0.09985844889756948 0.1964215613462721
