3 0.6718716176427548 0.34114298338011495 0.03872753087881229 0.04415279172311406
3 0.7097136322907381 0.05513356230378728 0.03927310015828454 0.06290279172311405
3 0.6991374966347876 0.14879835312239015 0.06619931301126591 0.07679487336031983
3 0.6577613050272002 0.42090904850897737 0.04515938730530315 0.050730340343632996
3 0.6472162616119755 0.4887516457500153 0.05356292069139794 0.07145227611928177
3 0.6365575579301941 0.5526879929910533 0.038772994985435 0.04571529172311415
3 0.634021242807357 0.6537558480340075 0.0748301669304741 0.10532930913596861
5 0.30917567016267256 0.8374402877663851 0.05623327962517113 0.055991050429541646
5 0.2818212114663262 0.9460683372914154 0.07779003087881246 0.04619997060135787
1 0.5324002214954561 0.8453026181603956 0.0711141335443795 0.08485303482570927
1 0.522037034506722 0.9193952154014337 0.06536423871722903 0.10171298620519025
