5 0.6081754780356794 0.95859375 0.12826077886860787 0.0828125
0 0.5342990913027984 0.84375 0.13197658404557516 0.1734375
1 0.5297249833679384 0.8859375 0.0613617052052021 0.0609375
6 0.7157989912604462 0.88828125 0.13463114718563746 0.1921875
2 0.4671460575254545 0.38828125 0.09001732622365459 0.096875
2 0.4025481473268117 0.04375 0.09242969468185844 0.0578125
2 0.4428902391943076 0.29375 0.10326077886860804 0.0828125
2 0.4043444077089811 0.1953125 0.06741428413027997 0.084375
2 0.6059109678652715 0.584375 0.03343412628012441 0.0375
5 0.5378805756589573 0.690625 0.0993923262236546 0.096875
0 0.5047957888978415 0.60546875 0.11874854195220053 0.1609375
