6 0.56171875 0.8359375 0.09375 0.240625
1 0.55390625 0.7859375 0.02421875 0.08984375
0 0.3625 0.86484375 0.125 0.24921875
0 0.409375 0.65 0.10546875 0.21328125
4 0.4875 0.37109375 0.0359375 0.0296875
2 0.54765625 0.3359375 0.028125 0.04765625
0 0.44609375 0.4828125 0.08671875 0.17734375
0 0.509375 0.14140625 0.06953125 0.18515625
1 0.603125 0.75390625 0.0234375 0.12109375
6 0.59140625 0.61875 0.08125 0.23359375
1 0.62421875 0.60859375 0.02109375 0.07109375
1 0.6125 0.67578125 0.02421875 0.07890625
