4 0.60546875 0.90859375 0.05703125 0.06015625
4 0.5734375 0.78984375 0.04765625 0.0203125
2 0.57578125 0.70625 0.1046875 0.0828125
4 0.60703125 0.74453125 0.0265625 0.01796875
2 0.58203125 0.428125 0.06171875 0.05
6 0.6796875 0.73359375 0.109375 0.2625
6 0.67890625 0.91640625 0.09296875 0.1671875
0 0.4671875 0.8875 0.08203125 0.20859375
5 0.54296875 0.64453125 0.08671875 0.1046875
0 0.47578125 0.6421875 0.1125 0.24921875
0 0.51015625 0.09140625 0.11875 0.16171875
0 0.4875 0.340625 0.1046875 0.28125
1 0.4984375 0.32890625 0.06171875 0.08515625
