5 0.5925252928085801 0.9767526038917389 0.07845463978475227 0.04196140340856687
5 0.5641885469424093 0.5946980344927038 0.10767125889134022 0.0658898271096728
2 0.6353487251880063 0.40985147605071726 0.10291098428423417 0.06424550649282175
2 0.6247686360652078 0.5027111318949159 0.09691784946188076 0.10317163879807012
2 0.6022045471472971 0.19816395372958293 0.06882708271265763 0.06989548863591426
2 0.6222003316792004 0.03744464204118565 0.10247433664159918 0.054870506492821755
2 0.7075705973949662 0.10148559699187987 0.04379284946188076 0.1022443384737585
2 0.6344948163777195 0.1260122642001642 0.07209763192686935 0.07307503571381498
5 0.6190175196447072 0.08899350527171049 0.038591619106587774 0.024092064934808154
5 0.6182211912752755 0.3243270332748877 0.05628854135632881 0.03532957386326192
4 0.48453970409555713 0.27351673538620813 0.05501713978475227 0.04155230032431154
6 0.5151967369748307 0.45466732385996667 0.146635367244561 0.23206029788867966
2 0.6160720705160578 0.6894298818949159 0.0830693651776464 0.04048072402541773
0 0.45749962945017925 0.9164001160698987 0.11440075599585597 0.16719976786020255
0 0.4555861807313056 0.7272866176914564 0.0961216368892682 0.15311709172016935
0 0.45894242886927883 0.520927523535655 0.0957963052100677 0.17965231818121907
6 0.505265388751295 0.06355140015886049 0.06759422249741007 0.11046594155801359
