2 0.6084222004864673 0.11504304415951336 0.05407957386326192 0.05778167889684287
4 0.610015928165333 0.07221080205202113 0.03626478246740419 0.020843121018452537
4 0.6070523896088489 0.2601280310053337 0.04100682954530477 0.024241136803468066
6 0.6011913165530707 0.8005554024120156 0.25889908197764144 0.39888919517596866
4 0.6141923283241935 0.5797502862670056 0.02214773538950343 0.01689907366340595
2 0.5841225933384319 0.8691089178793889 0.10158186525911965 0.09644933674699843
4 0.589745301942574 0.8335354389260765 0.02845228246740401 0.02038809471009344
1 0.6875845584353958 0.9391322625188951 0.034558006492821744 0.10191111049510866
2 0.5448770868456101 0.7669247915992645 0.09061709172016937 0.09424979991529554
2 0.5755855702065187 0.6930091494635375 0.06836026217486477 0.07110072625188942
1 0.6982281834370434 0.6993718125047776 0.02935230925276535 0.07195059471009327
3 0.7103402199616373 0.9014348414439729 0.033077327109672795 0.10650760523343691
3 0.7061049131445041 0.748218836182301 0.028888659090609538 0.045388094710093266
3 0.714001818991998 0.26167439142985544 0.02798072402541756 0.08279708944842143
3 0.7150478961016707 0.3663163887990195 0.0341216298696164 0.07691111049510883
3 0.7157803275134146 0.45298963616818355 0.0294341298696164 0.07663809471009327
3 0.7148275279998819 0.5325406282756757 0.026527318181219072 0.0889560841867496
3 0.7164093932590017 0.6231656282756758 0.029325035713814885 0.07038809471009326
1 0.6948929034052714 0.5977183072431058 0.027953450486467447 0.08123458944842135
1 0.6499235024323367 0.43588616517796586 0.03363070616851012 0.048786110495108836
1 0.6437922792176979 0.4870391415004426 0.028915932629560003 0.04695059471009326
1 0.649345029624735 0.3133209204396377 0.024446620941162678 0.05917757892507769
4 0.6411176980508354 0.19967564939295035 0.042487508928453724 0.019644642065139894
4 0.6288671140413038 0.16852435993041148 0.06452615016215582 0.0302937157285458
