6 0.565646306003242 0.7930533857224574 0.11155668617910823 0.3781824874635877
1 0.5550724203664267 0.8558716344688163 0.03163179508134384 0.06653428213245363
1 0.5281513720636288 0.9293235063347132 0.030051114363184795 0.06336381802583091
1 0.5679809656441623 0.7914226895625235 0.025354524004105095 0.061664925705962936
1 0.6099997731203424 0.6268911766303997 0.034647710772388506 0.04787521034569906
6 0.6521594811622563 0.486578413698276 0.07314765027114642 0.22084134890464338
1 0.6345407099868217 0.5472575009244368 0.03159543364502539 0.060284282132453626
1 0.645918571521336 0.48832277012476677 0.026926114363184796 0.06327288981258547
1 0.6589407462875668 0.44340507521847383 0.03462043969514959 0.04318771034569906
6 0.7141226290957118 0.25817461738005737 0.09505901170746504 0.22772784639736088
3 0.7161714633064713 0.34172290327343474 0.05988406010845857 0.08922763605166181
3 0.7290118308911099 0.2655552083671419 0.0628636143631848 0.06431856426490726
1 0.7814090812838932 0.012241963744164773 0.02366475897699054 0.024483927488329546
0 0.2709019534457181 0.8993023518741442 0.1276442527304745 0.18962009263643723
0 0.3276508814334028 0.7148076799291051 0.13859084308955422 0.19150084138279588
0 0.3758333304983264 0.5352505605704906 0.09487720452587264 0.19647784639736088
0 0.40850440905174523 0.37567933227810296 0.10887607201231528 0.18594952335696496
