6 0.5675136693189098 0.12611118764843152 0.09934766136218051 0.21588294954451306
1 0.5872903673217733 0.1056994839275672 0.05303518801718106 0.12836310217691826
1 0.523370033935412 0.4942510632389947 0.03831816000954493 0.07162202885594056
3 0.54957854527373 0.4584326143274538 0.04431362133990877 0.04996528366526398
6 0.49202803258277655 0.6354018528947084 0.11390105736790748 0.2585615228654907
1 0.5007945052514583 0.620858203257528 0.04654883068109026 0.10783234736759476
1 0.47443999590232266 0.7363914340202344 0.038681786680453814 0.10287202885594056
6 0.435130953214551 0.8834375264936878 0.10596128803308939 0.2331249470126245
1 0.444379231222187 0.8346007555271135 0.04000792934436319 0.08261409255827132
1 0.4401542605426876 0.9290228781224519 0.038409066677272105 0.07943452885594056
1 0.42382018853441517 0.9814757224100038 0.039662484006999676 0.03704855517999235
3 0.4987860152371407 0.7262996714063628 0.05061816534054522 0.05487103847458741
6 0.532173963956093 0.3421528498994835 0.07738175469445316 0.2073065577118811
0 0.18557584854396017 0.9061706436467304 0.1350488040260897 0.18765871270653917
0 0.22611158390359534 0.7183408053496284 0.1321601613621805 0.217028787293461
0 0.24647117926482132 0.5134995379264332 0.11030334269572588 0.21782739546082902
1 0.2447337672263231 0.797147851628764 0.03630112667090888 0.03250496515360961
5 0.4099524239338212 0.5020139448200076 0.028415901336727067 0.025982146641955417
