2 0.33828125 0.72265625 0.07421875 0.0953125
4 0.33515625 0.72890625 0.0265625 0.02578125
2 0.32265625 0.93671875 0.08125 0.109375
2 0.3296875 0.81953125 0.07421875 0.0953125
2 0.3515625 0.61796875 0.096875 0.1078125
2 0.36015625 0.5171875 0.08671875 0.08984375
2 0.38515625 0.4171875 0.0765625 0.084375
2 0.4015625 0.3125 0.07890625 0.09296875
2 0.3984375 0.2046875 0.09921875 0.08515625
2 0.40703125 0.12421875 0.08203125 0.06484375
2 0.4359375 0.02265625 0.07734375 0.04453125
0 0.2171875 0.90546875 0.0703125 0.171875
0 0.23203125 0.734375 0.075 0.146875
0 0.2421875 0.5890625 0.07421875 0.13125
0 0.26875 0.43984375 0.06953125 0.14921875
0 0.28671875 0.28046875 0.071875 0.165625
0 0.30703125 0.103125 0.06953125 0.19453125
