3 0.6375 0.2453125 0.08359375 0.12421875
3 0.634375 0.3875 0.04609375 0.16484375
3 0.56953125 0.8515625 0.04296875 0.10078125
3 0.58828125 0.7 0.03984375 0.1125
2 0.34921875 0.87109375 0.096875 0.0890625
2 0.36640625 0.74921875 0.07578125 0.1390625
0 0.21015625 0.9 0.07421875 0.1953125
0 0.2328125 0.70703125 0.06484375 0.1765625
0 0.27265625 0.53515625 0.06953125 0.15546875
1 0.28203125 0.5109375 0.021875 0.03125
0 0.30078125 0.3578125 0.05546875 0.184375
0 0.33828125 0.17265625 0.04296875 0.14765625
0 0.6515625 0.09140625 0.05234375 0.1484375
