5 0.5662851526590708 0.014665933261063791 0.039411110495108835 0.029331866522127582
0 0.24000368770698383 0.9008504800082473 0.10488346302712266 0.14031877461060632
0 0.3321812953594952 0.6439125067304247 0.1431408681758551 0.2615405567430599
0 0.41087325568519495 0.4310427821989606 0.12405766823232475 0.20171091567683314
4 0.7304247054169636 0.1401914955141605 0.06181673151356133 0.07043217194503919
3 0.75446144489362 0.14261180186150893 0.04960515785015538 0.048238923198680436
4 0.7013672659967771 0.1971916532734347 0.05538472099021767 0.0671253155185485
1 0.7125399844267459 0.20622567247376464 0.02900423151356133 0.06947742570596294
4 0.6967105870999342 0.25036211738005737 0.06412268415851478 0.05646060015828454
3 0.7297351897025353 0.21898408524760377 0.04326415258848364 0.04649456677218975
4 0.44223404564184393 0.9370821820406761 0.05987479991529536 0.09065374373179366
1 0.4473842772259925 0.9423918076674965 0.039380289391951706 0.08693771034569905
3 0.4610904614550943 0.9614911486545811 0.04124662628012441 0.03863660266556721
4 0.4734756113421549 0.8425820242814017 0.056658794653623626 0.08900031551854859
3 0.5206005112998026 0.7967550472426554 0.04858868942018653 0.057568459092057725
1 0.5363535848926213 0.700365780549608 0.035982273606936135 0.08215928213245363
4 0.5127193928415987 0.7579880639357028 0.056112763083592476 0.0796253155185486
3 0.548042242813364 0.7273230856433152 0.040503173635170954 0.05265363855894432
1 0.576181195317143 0.5923570522572204 0.030384720990217672 0.06639788981258547
4 0.5470782532661204 0.6501384600164946 0.07597023677523325 0.07240384890464338
3 0.5899328821770807 0.6106751432443049 0.03857665258848364 0.04635817445232178
3 0.6072792768730566 0.5672744842313894 0.03839464206513998 0.043233174452321596
3 0.6401743478350393 0.4711663623654925 0.05298776308359247 0.07953438730530316
1 0.6690490477079825 0.3369588469260863 0.030748742036904985 0.07264788981258556
3 0.7050621424180757 0.3078336365803873 0.05364021046687402 0.06395485141192578
1 0.4811593087254364 0.857956971694977 0.039380289391951706 0.08693771034569905
1 0.6032512005082277 0.5159165727111914 0.03570925782192056 0.07747178213245362
1 0.6435870451477337 0.4125726123654925 0.041033794653623445 0.0885456744523216
3 0.7682201080054473 0.09385605311515016 0.03839464206513998 0.043233174452321665
1 0.7740752658556027 0.0468901249019048 0.03369173151356133 0.06961381802583094
