4 0.62109375 0.05234375 0.04765625 0.025
6 0.71796875 0.06796875 0.0953125 0.1359375
2 0.68046875 0.03984375 0.04921875 0.046875
2 0.60390625 0.14609375 0.07890625 0.09921875
2 0.60234375 0.34921875 0.08515625 0.1296875
2 0.61484375 0.49140625 0.06015625 0.0640625
6 0.61953125 0.82421875 0.23359375 0.34375
1 0.5515625 0.621875 0.0234375 0.0296875
4 0.6171875 0.5671875 0.04296875 0.0203125
1 0.734375 0.57265625 0.025 0.05546875
1 0.7203125 0.72890625 0.028125 0.04765625
2 0.59140625 0.68125 0.03984375 0.1046875
1 0.7 0.42421875 0.03203125 0.08359375
5 0.61484375 0.8875 0.2421875 0.16875
4 0.6375 0.9734375 0.1234375 0.0390625
4 0.61640625 0.9359375 0.10625 0.04765625
