3 0.7190597701290542 0.9595297694850558 0.047678636803468066 0.04141593262955965
4 0.6713653077372159 0.15407465625453104 0.051061242036904986 0.0726932061685102
3 0.703988091938083 0.16367179870604903 0.037651189420186526 0.056850017856907485
4 0.6648360447242107 0.007635627437279624 0.035922089448421346 0.015271254874559248
1 0.6670579683593818 0.053266132715580686 0.033418715728545934 0.06458069724005647
1 0.6665266183170294 0.09785192979348137 0.04306673151356151 0.06943183847375849
3 0.7066209972985769 0.06117804424182218 0.02011507892507769 0.02376478246740408
4 0.6678755576666289 0.22842977394928274 0.04299113680346807 0.04133411201270878
3 0.7081897445265667 0.20895702516709874 0.02122255261671846 0.01597955600635448
1 0.6722515155026668 0.29013488717980757 0.03332771046687384 0.06301819724005649
3 0.7031074023767221 0.2559683928618504 0.02985409997176518 0.030178423701106107
1 0.6772267128153612 0.34870136364085724 0.024332142065139804 0.04256932954530477
1 0.6849614310335687 0.5620644342577081 0.04286931043863902 0.09284206493480802
1 0.6811678440748088 0.6849115990303606 0.037165342008670166 0.10210797077900687
1 0.6848374175970403 0.8553331931861619 0.031112763083592475 0.07858865016215581
1 0.6747380206231643 0.44024398133560894 0.039364878840373055 0.11307274431795715
2 0.5865477758848362 0.4433474362863031 0.07475634727034208 0.10432503571381488
0 0.4700160544005083 0.8997492151002593 0.12020462613895014 0.18784664772652385
0 0.47118589932236316 0.7049997767886564 0.11368161035393456 0.18305005357072232
0 0.4754521102127601 0.3217236266265007 0.12361659442774453 0.32682732710967277
0 0.4739450051910847 0.069317218548541 0.09256547355046649 0.138634437097082
