2 0.5279508494589032 0.9009116050479612 0.04160679201145392 0.08626713978475209
2 0.4507418174331318 0.7145610361890423 0.10408861067790856 0.08761562406898663
2 0.5335639554423587 0.7787091193159847 0.059230644016544785 0.12456766046291676
2 0.5329543334261321 0.659141482012432 0.04620338534372674 0.07867296360606986
5 0.46328289202736245 0.18009399090377207 0.031577264003817974 0.029580492142117176
1 0.3596669960216354 0.14270961497275864 0.05116360534690845 0.10232878742738745
1 0.34061974073040613 0.45392109677579356 0.035029528007635945 0.05785104135632881
1 0.3431640327418602 0.5382233221686877 0.05254429201145401 0.08677656203449331
1 0.34013957741881423 0.6141865086864524 0.04306020401018138 0.07696491439185812
5 0.4198221513367272 0.012106086022426611 0.06758748933799978 0.024212172044853222
5 0.5010726986791812 0.06889962572612564 0.042605670671545325 0.03790241439185815
0 0.5537346220162266 0.10399925651483928 0.1088499306969986 0.20799851302967856
0 0.5516015993793616 0.313555000209397 0.12438402402927125 0.22130141935425698
