3 0.86171875 0.9447288567311125 0.0875 0.05152731818121907
1 0.4953125 0.8664582118472577 0.071875 0.07156708279171582
0 0.5515625 0.9511978559236288 0.1125 0.09760428815274232
0 0.55546875 0.7667269930968459 0.11875 0.19426028896022593
0 0.55390625 0.5893559695578955 0.115625 0.16451824188232517
0 0.5296875 0.4420582297041652 0.1046875 0.1408898271096728
0 0.5140625 0.048816744314661854 0.0875 0.08121481818121903
1 0.84140625 0.6209368007247581 0.0875 0.16558981818121907
1 0.8265625 0.4784902021047298 0.0859375 0.1374375446422686
2 0.47265625 0.15200024553247785 0.071875 0.06531708279171564
