1 0.5999537666423868 0.3913399408263537 0.03198638555165907 0.04291485182361114
1 0.5710105604738767 0.4388695574676037 0.04133411201270896 0.041570557370694414
6 0.401228120133679 0.5466853235195135 0.138103566556366 0.3062162452503472
3 0.42268215462967795 0.4360744786297566 0.05410684740221221 0.05748649810013902
3 0.39686394846116774 0.48353136008864545 0.05070911201270878 0.04178876291777769
6 0.531205540992116 0.258619666225069 0.17741152840691896 0.3211879350298613
3 0.4795436294658746 0.22077548052961768 0.04273297077900686 0.03223192496187508
3 0.5515255438314898 0.03401905651767315 0.026889782467404012 0.019368249050069463
1 0.36839625487455924 0.6380376753431246 0.05504205600635448 0.021585365691319323
6 0.32843195373946876 0.8248298137358677 0.12524901055001153 0.28561280452090293
1 0.3391530397775953 0.7027547919843747 0.05515115016215581 0.027835365691319502
1 0.4507895637202875 0.3916880457840969 0.047284103084255236 0.024528527735416715
1 0.4625998169666984 0.3414334726458329 0.061319329545304765 0.023293336056041714
5 0.6634862069825844 0.28599717097472166 0.22430234496658025 0.14422669794763907
5 0.7433958494341024 0.31615549002892296 0.041197744317956975 0.033758057370694414
