6 0.56640625 0.3890625 0.1359375 0.36640625
4 0.55390625 0.2546875 0.021875 0.0171875
4 0.575 0.35859375 0.03203125 0.05390625
5 0.54453125 0.54375 0.121875 0.18828125
4 0.5671875 0.4703125 0.07890625 0.07421875
4 0.54609375 0.57421875 0.103125 0.12734375
6 0.48671875 0.76640625 0.2203125 0.3765625
4 0.403125 0.696875 0.0578125 0.02109375
4 0.47578125 0.75234375 0.0765625 0.04296875
4 0.48125 0.7921875 0.059375 0.0203125
4 0.50546875 0.86953125 0.06328125 0.0328125
4 0.46875 0.965625 0.028125 0.01875
3 0.59375 0.7734375 0.02578125 0.1421875
3 0.62109375 0.51171875 0.03359375 0.153125
3 0.60625 0.621875 0.02578125 0.0609375
3 0.6484375 0.2921875 0.0359375 0.16484375
3 0.63203125 0.40234375 0.03046875 0.059375
3 0.66640625 0.02578125 0.02890625 0.05
