2 0.3295189411575671 0.7098436110438172 0.07825345941492108 0.10044095574818712
4 0.32628484700176574 0.7162391602580289 0.027026150162155815 0.027799668320799498
2 0.31406371632137053 0.9244519205971112 0.08474892126547413 0.11479455417661058
2 0.320796731742646 0.8070460967757935 0.07825345941492116 0.10044095574818712
2 0.34307865503671503 0.6038290514905233 0.10034664772652384 0.11395980024766902
2 0.35108779829901193 0.5027567030620999 0.08908186525911965 0.09470037799792799
2 0.3762708047918337 0.4016650839555121 0.07962504464226869 0.0895762303552928
2 0.3929555186709816 0.2955049751880064 0.0828864123370204 0.09753427956950453
2 0.3893686428585551 0.18794718631287685 0.10152731818121907 0.0921575748547749
2 0.3985857301144976 0.10711456327734759 0.0839579886359143 0.06948205417661044
2 0.4269210101462697 0.014395255067097218 0.07891593262955983 0.028790510134194435
0 0.20833191356142694 0.8997130938803096 0.07646486282348777 0.17685790653397504
0 0.22303711607648918 0.7280735343270155 0.08071598620028234 0.1520762303552928
0 0.23338605519887082 0.5823971612914862 0.0788807508107789 0.13637845574818713
0 0.2602230649381035 0.43126915488134543 0.07449325973923263 0.15334763192686934
0 0.2778487159110381 0.2712027961138398 0.07791826866768634 0.17068068114108118
0 0.2981453993513769 0.09582186435133151 0.07684669236879245 0.19164372870266302
