1 0.3896150930868051 0.551556693387952 0.0567604526972918 0.08969884667409059
1 0.3922147226458329 0.4734407840547247 0.042043336056041804 0.06141021467218159
1 0.3587787479127077 0.7684442013844522 0.05130923328249999 0.05683180267345413
1 0.3466768317845479 0.8519197727164067 0.0597399823325695 0.08348520934118149
6 0.589844297115277 0.9095044587046346 0.10748911094166687 0.1809910825907309
0 0.391734758646284 0.8633845313892248 0.141356271085903 0.23439427601845395
0 0.4333267658644786 0.6544367927275426 0.1405925516711113 0.20158177601845378
0 0.4524982592149649 0.4686720153962244 0.14607883225631965 0.1688420013526354
5 0.5366797695672915 0.14221915073995117 0.08771951196784719 0.07756247334499947
1 0.462826655110243 0.024922015396224382 0.04309668977951393 0.03955339600572701
