3 0.5921390868522007 0.21268826396461754 0.10393529788867965 0.13830139342673622
3 0.608420831577195 0.3536581028704509 0.0748478157455871 0.17198540919430555
3 0.6088325198920929 0.8222080811189578 0.05966710064862326 0.10759560087368066
3 0.6068178267092262 0.6691921838924995 0.058295515421275465 0.11849673328249999
2 0.3938427195677814 0.8803154411106942 0.11117505357072241 0.10567073138263901
2 0.3936399423753831 0.7577137424974649 0.09946598620028232 0.1506922906531944
0 0.2605256590972001 0.9123129363610414 0.10596144805083538 0.16490026101791672
0 0.2557268851512126 0.7398385243169443 0.09540577759614007 0.18652068787965276
0 0.2712951582831259 0.5637663335874998 0.09661372158978568 0.16624455547083344
1 0.2772139216758065 0.5378577970183678 0.02716251785690744 0.03499324905006951
0 0.274431615262415 0.3840788335874997 0.08770237175194148 0.19258884992375008
0 0.28553057670593096 0.19561574563159698 0.06829780681713338 0.1546524388295834
0 0.5846283701303837 0.06861748774781226 0.07761825973923261 0.13723497549562452
