2 0.5790354558024188 0.6695710109694092 0.0941136143631848 0.06577382213985139
4 0.546454239078102 0.7629837050716267 0.03769089754067192 0.03412202885594055
2 0.5637912091220685 0.8722049376484314 0.10057269262201593 0.10192957694917482
1 0.6150103590004316 0.39577141242068803 0.02674430718159222 0.03217758293962447
1 0.6629615247896721 0.4810566371929446 0.022011355386194253 0.02420139183263199
4 0.6572291543763631 0.5261781642347866 0.02195681323171641 0.01482639183263199
4 0.6272962146812133 0.5673289538905003 0.018840903590796286 0.01627976442797028
4 0.648331398228043 0.44381953202080143 0.03135908430895533 0.01984127404661713
2 0.6294910155180939 0.32438748574166576 0.10496021077238851 0.0505307680561673
1 0.6866818676828343 0.16463302902557655 0.022038626463433176 0.02888889183263199
2 0.6156062984009936 0.15902538056952262 0.10675906010845856 0.09121033175849816
3 0.7281961602300956 0.4161335308396751 0.04145222267624522 0.14360615626060227
