4 0.6124862825819786 0.6944911505724882 0.06973323138263901 0.11054776217486459
1 0.6213898103173954 0.6474797828777364 0.032813806420763925 0.06773297077900686
4 0.6246252195117009 0.575577509338786 0.07409342306201391 0.09656708279171564
3 0.6465904852792703 0.6048695430240063 0.052835365691319504 0.05558752678536116
1 0.6288120649701388 0.1608292167251123 0.03761040919430556 0.07250229139585782
3 0.660988785334861 0.15402010917663034 0.049928571238402955 0.06490797970746054
4 0.6316993692067012 0.23809114610826126 0.06777068787965276 0.0933329886359143
3 0.6647300747537845 0.22814340179030418 0.046949041603125075 0.07110343262955983
1 0.6250655498681594 0.35534682995563716 0.045022865691319504 0.055451159090609534
3 0.6639832327138192 0.32733487825135377 0.044078614741388834 0.08198638555165924
1 0.631302591755625 0.08737807995563714 0.04680357123840277 0.06485343262955987
3 0.6672952963527777 0.050826925329254494 0.043242160144236055 0.04604888555165918
3 0.6714749564970138 0.011473693589903775 0.03517508700597229 0.02294738717980755
1 0.622330795215416 0.8419155754914103 0.0364479526972918 0.08966251785690744
3 0.6442596933918049 0.8727701091766302 0.036737587005972114 0.03500229139585755
1 0.6222243052834022 0.712282622569311 0.029725174011944588 0.0692409237011061
3 0.6484419663775689 0.6930826091766303 0.0403353656913195 0.05536933847375849
1 0.6138903541047218 0.43285422118933925 0.031324041603125075 0.07083069724005639
3 0.6548433156357288 0.3845024959461055 0.046403527735416714 0.04766593262955983
3 0.6548965606017357 0.44931897240715524 0.04476829255305557 0.04451365909060954
3 0.6644781144570485 0.10476044886820483 0.03361258700597212 0.03494774431795715
0 0.41134462272208283 0.5457202341749827 0.11671864057694456 0.18321369480442443
4 0.406275916225069 0.5286281915613088 0.03194098423243066 0.030232970779006864
0 0.39665734156819366 0.9083293283307841 0.11799019984750014 0.17074096834337488
0 0.4023111955760063 0.7325208047918337 0.11508340539458342 0.18006142126547414
0 0.4267559896476733 0.3197617061718055 0.13194490349472243 0.23345915665497757
0 0.43242868066145823 0.1100561540191223 0.136341462765278 0.2201123080382446
1 0.6194038573357631 0.9341167122608856 0.03779224715020853 0.08031479139585755
1 0.6191707340449992 0.7763723961082614 0.028053571238402953 0.06452615016215582
1 0.6313479981970481 0.5551559151829848 0.031324041603124894 0.07083069724005639
1 0.6148514824294787 0.5257684241114384 0.031069468464861315 0.059893197240056394
1 0.5438629159407287 0.7238025495168279 0.04618662860909737 0.10545115909060954
4 0.6341509155594789 0.30052296226088543 0.0631922906531944 0.09793866801906326
