4 0.4940990262597357 0.3234866491645162 0.032487168320799495 0.02783583992388783
2 0.5623374499572188 0.2760903843357686 0.08877570967712849 0.06443918479069151
1 0.556793771297337 0.24109330182625457 0.02431079528527036 0.019705004942915848
2 0.5308347770883053 0.03137869809938334 0.07729455417661057 0.06275739619876668
2 0.5452141083532209 0.1437235533091293 0.07892982878371627 0.08743101581733077
2 0.5590369755977819 0.37328371931674054 0.10015416542531544 0.1413200197716634
2 0.5798739762169545 0.6189954673395742 0.08794095574818694 0.08000051779449713
4 0.5620293507002259 0.571975887301518 0.01962329528527036 0.01951400395433254
2 0.5932987371752092 0.8736193003433798 0.04815070967712849 0.0627838428896375
4 0.6358479561579626 0.8460553744499368 0.03441354135632899 0.03571200692008247
2 0.5752164013621796 0.5189954673395742 0.0804195541766104 0.08593218281352524
2 0.6004283788219883 0.707389463879533 0.11828342721213972 0.0952726907221905
2 0.5824275496239872 0.7746552183281573 0.054764582712657627 0.07085101087441484
2 0.6132623267122925 0.8148836288985611 0.10999573821317572 0.051268022737412974
