5 0.6462104731975306 0.5081326033430908 0.10995039462538862 0.11778746369925486
1 0.5154727675688054 0.8933984585328932 0.052821163111827295 0.04872839149054755
1 0.6076239282615583 0.7178030400131783 0.05684080517696728 0.09092498184962743
4 0.5303748286427291 0.3173354074014252 0.06165013154179633 0.039407933645025484
5 0.5905185841867496 0.021572934626984116 0.052366136803468064 0.040915891490547765
1 0.6642514867752333 0.0664718232888615 0.053442789391951705 0.08621930113146814
6 0.4757258550216754 0.25122459407151276 0.1163207629424182 0.22716246369925477
0 0.4369040916557344 0.47027457592114014 0.11248313140062187 0.18809087334017516
0 0.4065542519249642 0.7408552415139888 0.16167803654935434 0.30864881303532493
5 0.5316235994070678 0.6205558561717612 0.1197958314853265 0.09910109621281205
