0 0.4421875 0.58671875 0.096875 0.14140625
1 0.42109375 0.5328125 0.04609375 0.0875
0 0.39375 0.90390625 0.1203125 0.1921875
0 0.42578125 0.72890625 0.1140625 0.146875
6 0.62421875 0.8078125 0.10625 0.296875
6 0.6625 0.5046875 0.10625 0.2484375
6 0.69921875 0.30234375 0.08984375 0.1640625
1 0.7 0.22578125 0.04140625 0.0625
6 0.721875 0.13203125 0.1078125 0.16328125
1 0.7296875 0.17890625 0.03125 0.0375
1 0.615625 0.26796875 0.028125 0.04375
0 0.475 0.425 0.1078125 0.16171875
4 0.5625 0.12578125 0.03828125 0.04609375
1 0.49296875 0.07734375 0.05078125 0.01796875
6 0.534375 0.23515625 0.08203125 0.1625
