2 0.2641433921319708 0.7218691211065622 0.11043288896415202 0.05250936379145834
2 0.28237217096478606 0.5973776141727081 0.05376680913596861 0.07303876291777786
6 0.11584309023209141 0.6035945126334374 0.12790807326946277 0.23706620174736132
1 0.170980969585305 0.5937278969421179 0.040107100859082666 0.1101750870059723
6 0.06180013964355026 0.8595366945291666 0.12360027928710052 0.27191398043270854
6 0.1751239942342488 0.36578473489802066 0.15093613749381402 0.2297992156150695
6 0.2420126803485818 0.13169936920670117 0.15636062188998173 0.2439708183886112
2 0.3775473886254678 0.16599902118281218 0.056973696291098365 0.07467399810013893
2 0.28539095036342815 0.6737764600123957 0.061667840343633 0.04513196846486132
2 0.2601309215306129 0.7984316211065623 0.07021068068726607 0.08902743882958344
0 0.5085440038451872 0.3166685555677426 0.14156778154634875 0.19992987765916687
0 0.46196449570458686 0.5354555763693052 0.1158241530976463 0.21493662860909737
0 0.3894975169626286 0.8313142434473955 0.13965115671569084 0.3122480397032639
