2 0.3190001469932108 0.3946528234057957 0.05878185775648763 0.08003472958157998
2 0.31021828923672323 0.4726141322988031 0.05319359905006031 0.06268353847458741
2 0.28659268148023564 0.5500570860196674 0.05335737336031983 0.06580853847458741
2 0.2855790581199158 0.6142014315731638 0.050478034825709096 0.07038691106992552
2 0.27264196687177156 0.6818427993591787 0.06322369629109836 0.07551092068857237
2 0.2505379155377191 0.7601215667823737 0.05886374491161739 0.08159722958158007
2 0.23287570273827737 0.8432515253125615 0.0656869549975256 0.09275298439090349
2 0.20941719131831665 0.9324405108845912 0.06757700361804461 0.09905754809323426
6 0.4250731688170795 0.8846999261308681 0.20183689620024126 0.23060014773826368
2 0.34680864371385045 0.2672644333872623 0.07908106965141819 0.1400099303072194
2 0.38956378900958055 0.048824457433879385 0.07087242198083885 0.07265873920022681
2 0.36154393034858184 0.15037703375008196 0.06140889077317437 0.10040179328391083
