0 0.48203125 0.384375 0.09375 0.15625
4 0.50390625 0.38828125 0.06328125 0.09296875
1 0.56875 0.39765625 0.04453125 0.05
2 0.60390625 0.95390625 0.06640625 0.0546875
0 0.4609375 0.9140625 0.13125 0.153125
0 0.46328125 0.74296875 0.1203125 0.178125
0 0.47109375 0.54765625 0.11875 0.16953125
4 0.5671875 0.14296875 0.08203125 0.05234375
1 0.6609375 0.32109375 0.05390625 0.02578125
6 0.67578125 0.175 0.09296875 0.2078125
6 0.67265625 0.5921875 0.0953125 0.203125
5 0.640625 0.8234375 0.06484375 0.02890625
