6 0.5351167632785987 0.7905030528148377 0.1264544574527388 0.2550933596955513
6 0.5621661183702054 0.5714837973776303 0.09467721662612086 0.1631950197716634
1 0.6055671813073344 0.36117103848038173 0.061155668617910844 0.039983012851581276
0 0.35488488349551595 0.6228884243733871 0.11335449375348414 0.1514590237259963
5 0.38951441354974525 0.5777377504571105 0.0628636143631848 0.06504667984777565
0 0.374703000687371 0.4385306704190544 0.09802038524403187 0.20082235376405216
5 0.3854586935057787 0.46933500144569373 0.040788626463433175 0.029780341901054184
1 0.3045611339864953 0.9490808512554132 0.06597952400410509 0.06361151384016424
0 0.3460769891762978 0.7943005093543591 0.1058510659621911 0.2042656887450242
6 0.409015409935508 0.17938116349897223 0.140298788834828 0.2181663626613008
