1 0.575134796846944 0.7272486787475871 0.024710494985435004 0.044022720003181706
6 0.6149571294542513 0.5135770774188142 0.1449059523616331 0.41717041335136285
1 0.5915243264721152 0.6742964014162689 0.02985263605166182 0.05970226400381797
1 0.6040303381505977 0.6205174207510871 0.02525606426490725 0.06277272000318171
1 0.6235675998290802 0.5668202560868597 0.03150606426490725 0.06284544533736351
1 0.6416332897208081 0.5099799100890868 0.021994671945039103 0.058048857336090796
6 0.7096835738983257 0.18566171009704097 0.13051318025830944 0.2982931440165447
3 0.7620166152019794 0.07920317210372249 0.047722097651002035 0.08333975867281791
3 0.7246720764056082 0.20771852343249542 0.050012023356964974 0.10835794000636341
3 0.6871744249145401 0.28777819342772293 0.06040395407749273 0.08973520934118148
3 0.662383710412206 0.44144808609163216 0.038574418184115444 0.09104317067154515
