6 0.58671875 0.51171875 0.07421875 0.31015625
1 0.609375 0.46875 0.03984375 0.0640625
1 0.58359375 0.55078125 0.04296875 0.0671875
6 0.52109375 0.83046875 0.07890625 0.33515625
1 0.503125 0.94921875 0.05234375 0.06875
1 0.525 0.85234375 0.03984375 0.0875
1 0.54609375 0.759375 0.03984375 0.07578125
1 0.55625 0.671875 0.03828125 0.0765625
1 0.6203125 0.3484375 0.03125 0.06171875
6 0.66640625 0.175 0.0953125 0.309375
1 0.65625 0.20703125 0.04140625 0.09140625
1 0.69140625 0.04140625 0.028125 0.05546875
0 0.26796875 0.92109375 0.09375 0.13984375
0 0.296875 0.7640625 0.109375 0.1640625
0 0.3328125 0.58984375 0.11875 0.15546875
0 0.3609375 0.42421875 0.08046875 0.14921875
0 0.38203125 0.13828125 0.06640625 0.14921875
0 0.3421875 0.31171875 0.06953125 0.08515625
