5 0.320858820558387 0.836614483769171 0.12385565651766246 0.07546666442319179
0 0.2058923507108122 0.861049845605938 0.10730448165323558 0.18434155925034226
1 0.1836582815271673 0.9234050930986555 0.06912270472226431 0.06606292069139812
0 0.25214115769601275 0.6987938865138803 0.10707722267624523 0.14527905925034226
5 0.5024502299047198 0.6383946294542513 0.04866475897699054 0.040471887305303156
1 0.47405654343102394 0.8196590013201484 0.08671018052176756 0.1353130258642473
5 0.5346319917103806 0.4773290973217977 0.06278180113146803 0.05025606426490725
0 0.292126329142594 0.5390635338483133 0.10408857806243947 0.168625631037097
2 0.33073989812984717 0.3465661452893689 0.06604315651766246 0.0737844924781526
1 0.3025699672152962 0.2208447312618885 0.03797269867214013 0.08234113855894432
0 0.32217848526747295 0.206995179929105 0.096121541958086 0.14183581050398358
6 0.41378069886853186 0.043209127738391674 0.10993860226293624 0.08641825547678335
