3 0.62890625 0.98125 0.04296875 0.0375
4 0.684375 0.17734375 0.04140625 0.06875
3 0.715625 0.18984375 0.03046875 0.0546875
4 0.69765625 0.02109375 0.03203125 0.034375
3 0.7296875 0.00859375 0.01953125 0.0171875
1 0.69296875 0.07734375 0.02578125 0.06171875
1 0.68671875 0.12109375 0.034375 0.06640625
3 0.73125 0.08828125 0.0171875 0.021875
4 0.671875 0.2515625 0.03828125 0.03828125
3 0.7140625 0.23515625 0.01875 0.0140625
1 0.66796875 0.3125 0.02578125 0.06015625
3 0.703125 0.28125 0.0265625 0.02734375
1 0.665625 0.37109375 0.01875 0.040625
1 0.64609375 0.58359375 0.03125 0.08984375
1 0.6265625 0.70546875 0.02421875 0.1
1 0.60859375 0.875 0.021875 0.07734375
1 0.6515625 0.46171875 0.02578125 0.1109375
2 0.56328125 0.4578125 0.06171875 0.09921875
0 0.38828125 0.90546875 0.09609375 0.1890625
0 0.41484375 0.70703125 0.09140625 0.17578125
0 0.46796875 0.32734375 0.08203125 0.31953125
0 0.49921875 0.075 0.075 0.1359375
