6 0.662350063257709 0.6683451999617279 0.15055073955076423 0.2988827638537391
1 0.6814429425323963 0.547795105462246 0.04883884992375016 0.08655823821317572
6 0.7635436616628475 0.3789487520714238 0.12660278685347243 0.2088014193542568
1 0.7207210352379517 0.4208301910703878 0.037355836056041626 0.06261131596343468
4 0.5198852338511809 0.42783797808349056 0.06253767401194459 0.07158820967712849
4 0.5038985175705213 0.5138311360652079 0.052508057370694416 0.04302656203449331
6 0.843953287803403 0.13744614868060165 0.1429551386770836 0.24077916542531544
2 0.7168005207046534 0.62201170140947 0.0567604526972918 0.09160961124870504
2 0.6755417007005214 0.731080640408434 0.07333101006798622 0.13296235731976366
2 0.6337743876302439 0.8519047167109509 0.05214568787965277 0.09451628742738763
2 0.8201923987450698 0.32625609160850705 0.05930357123840295 0.06675516046291677
