0 0.7569111043053663 0.4724825358578807 0.07512055113509035 0.1884474303072194
1 0.7854315706201463 0.44884413921592525 0.03266822402541756 0.08234127404661713
0 0.835086291802895 0.10903510555066127 0.052509165583431286 0.14549603847458742
1 0.855794258117675 0.08566952742036014 0.034367091720169184 0.09020833774894796
6 0.6034025004103324 0.6339979331328083 0.10910581330995513 0.25678076805616745
6 0.5778086164835263 0.8925470431142749 0.12490236282348768 0.17769346878180697
0 0.6796983989509304 0.8702504024627693 0.08805692775829588 0.21388393992586643
0 0.7248002134787015 0.6570857143510015 0.07490236282348768 0.1759474303072194
0 0.7991509715930809 0.28908719329960925 0.07361259821299111 0.19151786660488845
1 0.694185007713933 0.3981571476534457 0.03225912094116268 0.05890377404661713
