2 0.6862967095342367 0.7514964191448599 0.09836607123840277 0.06857452564056317
2 0.7187968189572921 0.5719566224118475 0.08001611474138884 0.0848887303552928
2 0.7045577066844452 0.8319480525194713 0.03212282218833344 0.038955492142117264
2 0.6897106906325352 0.6634698802697304 0.060320557370694416 0.04339043507002245
1 0.7851686609972575 0.6741591313031877 0.044695557370694416 0.04266268899896417
0 0.6211210787409379 0.49951223407483736 0.12580269984750014 0.17442641935425698
2 0.6045342972057991 0.55805032609312 0.09233427678548622 0.07765842721213971
2 0.6227011093261462 0.4668088959854961 0.07994337955902786 0.0817637303552928
4 0.8148846900638544 0.27441599648083415 0.06842399810013902 0.056254308105551945
4 0.853854311454757 0.17165702356913934 0.04941942496187508 0.04444351282028158
4 0.8898820772223264 0.143679726836127 0.043023954597153136 0.03790241439185813
0 0.6950235189017014 0.12055678825144775 0.09498780452090294 0.12460620181924557
0 0.639595055755174 0.3208799658778722 0.10211062670923639 0.16239730024766902
0 0.5785556382958339 0.6824852458616616 0.10171058320625015 0.14520980024766902
0 0.5428948144919798 0.8938743560769092 0.11384821371520851 0.19728172249741008
6 0.7898412432535771 0.8413830186067408 0.14796864057694456 0.18794526385373872
6 0.8610395235544448 0.6144802243549277 0.14157317021222227 0.18140416542531543
