3 0.5902774204934166 0.39659592286947604 0.061030341901054184 0.04235263605166191
2 0.47399577627181627 0.9021365321989606 0.13216519566510634 0.14118259263643723
2 0.4657601705305976 0.7960001924655173 0.1199543557412186 0.10961434389007838
2 0.46895415471326685 0.7208183360390266 0.14508168973360736 0.11346676959604132
2 0.47696297288832473 0.6486250872926679 0.10911501482874755 0.07340405925034225
2 0.49522620015091173 0.540153357746639 0.10219385277546919 0.09505173871722902
2 0.46795409292681833 0.42753133729266785 0.16287136760421675 0.16704641066226814
2 0.4541860701894054 0.3199916219324039 0.11431185079830275 0.08604045157021041
4 0.5448336334215476 0.2219285434817317 0.024265170950527094 0.02099446159934022
4 0.46041221247102043 0.20404837318604513 0.1152960306460784 0.1484949874635877
4 0.4257268532697607 0.0822559412118761 0.11740235870696818 0.12358591567683304
