2 0.9546875 0.165625 0.08828125 0.08828125
2 0.96953125 0.0890625 0.05390625 0.0703125
2 0.9390625 0.26015625 0.08515625 0.0765625
2 0.89921875 0.4046875 0.09375 0.0765625
2 0.91796875 0.33125 0.07109375 0.0625
1 0.9203125 0.5515625 0.03828125 0.0640625
2 0.9375 0.4984375 0.0296875 0.0453125
5 0.734375 0.8453125 0.04921875 0.04765625
0 0.6671875 0.8984375 0.109375 0.203125
0 0.7109375 0.68515625 0.125 0.19609375
0 0.7515625 0.47265625 0.1265625 0.1953125
0 0.79765625 0.2953125 0.07421875 0.17109375
1 0.78671875 0.2625 0.025 0.05546875
1 0.80703125 0.17890625 0.028125 0.071875
