4 0.5132460827344785 0.87421875 0.03346711664125017 0.028125
6 0.6171413342530899 0.50546875 0.08419708130638917 0.19375
1 0.619305205928333 0.4125 0.043242160144236055 0.0453125
1 0.6241173796559372 0.54140625 0.03844555737069442 0.040625
6 0.6175556422893744 0.6890625 0.07460387575930572 0.184375
1 0.619937066301319 0.6203125 0.055705792553055564 0.04375
1 0.6238965612673258 0.68515625 0.04131598423243048 0.0296875
1 0.6225509603936452 0.74296875 0.049383057370694414 0.040625
6 0.623184127187395 0.88359375 0.0811811840799308 0.1984375
1 0.6216956687905201 0.81328125 0.04960126291777769 0.05
1 0.6254005906182631 0.8890625 0.04963763050895835 0.0515625
1 0.6267617624460062 0.96484375 0.04673083605604163 0.0609375
2 0.5162685120647564 0.54296875 0.04498780452090294 0.1203125
6 0.607610518617361 0.109375 0.08252547853284735 0.1890625
6 0.6075702317638886 0.3125 0.08724934612402784 0.190625
