2 0.9234264546588413 0.1614488754938066 0.09866322930778501 0.09647784639736087
2 0.936854868837764 0.0843779101335427 0.06322369629109836 0.07516513605166186
2 0.9090153946183616 0.2572698408540705 0.0949650192218769 0.08544941818411553
2 0.8716305020361649 0.40328102282823963 0.1027775192218769 0.08567673871722885
2 0.889623585482393 0.3286901997878437 0.07852114767057934 0.06936977711788872
1 0.8953059401866629 0.5487215549606932 0.04570864767057934 0.06841503087881229
2 0.9114122970386394 0.49520174986698595 0.03526911465389233 0.04782974623907634
5 0.7144123077812315 0.8501750917120002 0.055827276119281774 0.05310827962517095
0 0.6481012330414307 0.8994408565910929 0.13449226594251656 0.20111828681781424
0 0.6883079104493365 0.6913623813663013 0.14978971732199753 0.2087338054894186
0 0.7253486442796773 0.4772687891255756 0.15127033016686778 0.20721676959604132
0 0.7684003606971637 0.2977775174179632 0.09519074852966192 0.17906302586424747
1 0.7567977973773236 0.26535982251167045 0.0311548247398008 0.05863085391920828
1 0.7752822037543302 0.18139399947127458 0.03666119629109836 0.0743922462390763
