0 0.3749618275101193 0.8971426913544951 0.12393988068039521 0.20571461729100982
0 0.4223923863591428 0.6634229407439394 0.12873647483619663 0.2162443831160271
4 0.47790777515721283 0.7565513778377262 0.0316045560063543 0.020857970779006862
3 0.6525963092494701 0.5627855612780649 0.06636138555165907 0.0433329886359143
3 0.664490562902918 0.4388122731286179 0.053806838473758486 0.03998980032431163
3 0.6636723567344077 0.3919372731286179 0.03343979139585791 0.03651024431795715
0 0.460864956572252 0.36184284983454895 0.09878414772652384 0.11106595941492108
1 0.6056548997518234 0.6923951948011291 0.027653441558013726 0.06296365016215581
1 0.5951770957740639 0.7632843932590017 0.029515950486467445 0.0801784237011061
1 0.5809294094910561 0.841917907869498 0.0216216298696164 0.0753545560063543
1 0.5668726379807005 0.9314889224799948 0.028007997564368024 0.08327615016215581
1 0.5593016456913383 0.9851052516215578 0.02255683847375849 0.029789496756884404
