6 0.35661375723871036 0.2967100621881863 0.11596756410140792 0.2476739393936934
3 0.3436471844508501 0.20518430348175903 0.037320217535011316 0.0315709045679843
6 0.32197112179718423 0.5024311177061103 0.07570212903138529 0.18633364767057933
1 0.299693707405326 0.5435540846894235 0.030201230355292808 0.07951708163720568
1 0.28017311187238675 0.6600046002932558 0.028129308105551854 0.0684976944820761
3 0.25603994499932925 0.740971317276569 0.04807793507002263 0.06174972749876275
3 0.22834513048363658 0.8311492599496226 0.055381012820281586 0.051221663274411355
3 0.21363615943396863 0.9884184481001206 0.032923815963434674 0.023163103799758743
1 0.31485428867024173 0.419826657620202 0.03608735731976358 0.0720321302577247
2 0.49287443486513477 0.36415426899473424 0.10109592721213971 0.0957020036180447
1 0.2665172185729778 0.8354992452503016 0.045826230355292895 0.08033595318850324
