2 0.5265129809323423 0.6426240758528664 0.10741568511654283 0.08178076805616748
2 0.5810838859270002 0.44009184209493524 0.07055060217691818 0.053963302902557686
2 0.57795891904411 0.6857763643274538 0.08812004809323426 0.06550100362819719
2 0.5276836444493387 0.854905821043543 0.041135920688572546 0.060739092558271326
4 0.4736657778444502 0.7827927188666248 0.03870040145127884 0.035684528855940555
0 0.4006871240309186 0.897480179126093 0.140342290921658 0.20503964174781403
0 0.40883689681159147 0.691574952624556 0.12310022721932726 0.2181002139724834
1 0.40134185534177913 0.6780481659640671 0.024583337748947897 0.03363095553496294
0 0.4182763510806099 0.4703001533501954 0.1264781983633867 0.18076390507947587
0 0.4399529105217715 0.2642783318433162 0.13269348202865067 0.22467759618646843
