1 0.24641608757931194 0.6203055987030438 0.03864583774894799 0.03324885200509069
2 0.2589507707969382 0.9104129780394526 0.09219247840045366 0.13539315467854465
2 0.29167647996009805 0.8013743327100435 0.08625001324684387 0.09940111067790838
2 0.3005281795046112 0.7045629673774525 0.1065079495445131 0.09807496801399936
2 0.32755696017465025 0.6243760280474069 0.10623513103285882 0.09026246801399936
2 0.3500619319516819 0.5394470447167249 0.0974057680561673 0.10577838001272681
1 0.3422767138028473 0.5385748880489978 0.024637901451278844 0.034647720003181705
2 0.3955505359426986 0.44540669072245204 0.07939981252120454 0.08214088534372692
2 0.4102901369384906 0.31427486939049737 0.07298612141421187 0.07738066000954502
2 0.486562493376578 0.0549004167329515 0.07687501324684405 0.09929202267663588
