5 0.4164313325838761 0.7822461419478206 0.047893671939110226 0.025545440006363405
5 0.6324583088206989 0.2716791699156857 0.03839133794672147 0.02231135200509069
5 0.5427193295809456 0.3712075499284124 0.026273339923887917 0.031540901336727156
5 0.6048161284786315 0.20712632125241281 0.03383117193911041 0.02538180800445433
0 0.3400691038384144 0.883963730625411 0.09434154349765969 0.20724997334499945
0 0.38781955984646316 0.674715452617775 0.08426620653952135 0.1899533853437269
3 0.6097621799221378 0.8464342692552762 0.03364017095052709 0.020694308004454598
3 0.6588960638007958 0.6903200819144131 0.03402217292769336 0.03006930800445442
5 0.6371073636498841 0.1364047412476403 0.026018671939110227 0.025290901336727113
6 0.791589275208871 0.11177937428391135 0.1263555474519924 0.2235587485678227
6 0.7301583211779885 0.32916385856941355 0.1055337114824372 0.21362724267981753
6 0.6734294545995361 0.567436565245095 0.11886138243296429 0.23408519334818118
1 0.6772601087441492 0.5079888399109131 0.05714133794672147 0.022529528007635947
1 0.7357398177179475 0.3126848832352318 0.06795150395433272 0.019531797342454117
1 0.7255490756266129 0.3503212432368226 0.06945033695813833 0.01798747867599957
1 0.7877466922050653 0.11198490189373218 0.049392504942915846 0.02400112133990877
1 0.7416104743340185 0.2649377265675046 0.05057300296574958 0.014644302673454313
