0 0.3405028596480628 0.9184328056026125 0.11985601564384112 0.15506142126547431
4 0.36587458597053946 0.9109515422099321 0.07226838410204497 0.11520798863591394
0 0.3349823597892371 0.7699407585247119 0.1271980787839034 0.17392051542127546
1 0.3516469440465739 0.7203810892878326 0.04535727360693613 0.08195911201270896
1 0.34865918096298143 0.6422288157488824 0.03470819994353027 0.05992047077900686
0 0.36992796523443566 0.5777299391256768 0.09704014192396562 0.1921250446422686
1 0.3503512126035997 0.5772896083625562 0.03590667889684287 0.05369774431795715
5 0.4453143730845911 0.6233367195644861 0.03610409997176518 0.03028751785690744
0 0.380686370806691 0.25221174188562046 0.08417612087727822 0.18565685633066592
0 0.3875524788827255 0.06127309618769154 0.07870039462538862 0.11844208279171564
1 0.5382427236210535 0.05707869967898373 0.03307010523343692 0.031795470779006796
