2 0.31796875 0.44296875 0.05546875 0.10234375
2 0.309375 0.5546875 0.06328125 0.1234375
2 0.29296875 0.69375 0.06484375 0.13359375
2 0.2796875 0.82578125 0.06484375 0.10390625
2 0.26953125 0.94375 0.05390625 0.10234375
0 0.1828125 0.62265625 0.06328125 0.2703125
1 0.18828125 0.6453125 0.028125 0.0359375
0 0.2109375 0.3453125 0.05078125 0.2375
1 0.21640625 0.29375 0.04296875 0.05625
0 0.23203125 0.11484375 0.04765625 0.22890625
1 0.23046875 0.1734375 0.03828125 0.06953125
1 0.18671875 0.54375 0.04921875 0.01875
0 0.16640625 0.81484375 0.06796875 0.2765625
