4 0.7581732688831926 0.16892371414211935 0.06273901741285463 0.03650298439090336
1 0.7376959153105764 0.35057301822580333 0.04619332654882306 0.10766865626060226
6 0.5337775407070613 0.6573066239461006 0.15964275214770662 0.2785119243167696
0 0.30870454036837697 0.8748586785779388 0.108673394391219 0.19875001324684405
0 0.3967788297166418 0.6877431136944816 0.09955069990914289 0.1734771947351895
0 0.4686582310052657 0.5258904436388813 0.08491498982323478 0.1620486214142119
0 0.5160865931727675 0.9695957705032381 0.055738744911617386 0.06080845899352383
0 0.5689393554972394 0.8675100031648609 0.07167800542706679 0.14754961179556503
0 0.6363326526474203 0.6867163601511026 0.08087594301173802 0.20401786660488846
0 0.7249801520815934 0.4886632952676454 0.07791471732199753 0.20703373920022675
0 0.7986267712580417 0.3229589389143759 0.07620173111680728 0.1445883029025577
0 0.8557100101767652 0.18954872738896328 0.06493668249628826 0.13795635698624165
