5 0.6046875 0.97421875 0.07421875 0.0359375
5 0.58515625 0.590625 0.1015625 0.0578125
2 0.6609375 0.409375 0.096875 0.05625
2 0.64765625 0.5015625 0.08515625 0.0953125
2 0.6328125 0.19609375 0.06171875 0.06484375
2 0.65625 0.0296875 0.096875 0.059375
2 0.73984375 0.1046875 0.03203125 0.09921875
2 0.66640625 0.12578125 0.06484375 0.06796875
5 0.6515625 0.0875 0.03671875 0.0203125
5 0.6453125 0.32265625 0.05234375 0.03046875
4 0.51328125 0.26484375 0.05078125 0.0375
6 0.53984375 0.44765625 0.1203125 0.22109375
2 0.63515625 0.68828125 0.07890625 0.03359375
0 0.47109375 0.91328125 0.09375 0.171875
0 0.47421875 0.7171875 0.07890625 0.146875
0 0.48203125 0.5109375 0.07578125 0.17265625
6 0.53984375 0.05625 0.05546875 0.1078125
