0 0.43125 0.62421875 0.10625 0.2203125
5 0.44921875 0.55625 0.08671875 0.05390625
4 0.52578125 0.8609375 0.04453125 0.03984375
5 0.47578125 0.93203125 0.06328125 0.0296875
5 0.5796875 0.059375 0.05703125 0.0203125
1 0.440625 0.1890625 0.0234375 0.065625
1 0.43828125 0.0875 0.04609375 0.06484375
1 0.41953125 0.25078125 0.028125 0.0390625
0 0.440625 0.3921875 0.09375 0.22734375
1 0.4609375 0.30625 0.03828125 0.090625
1 0.45703125 0.375 0.03671875 0.05546875
0 0.42421875 0.853125 0.0984375 0.209375
5 0.4578125 0.475 0.03203125 0.02890625
6 0.63671875 0.6828125 0.1375 0.21953125
6 0.65234375 0.475 0.10625 0.178125
