1 0.4711240036142373 0.4197069559530748 0.0317136083130606 0.08114299214211709
1 0.4628524404807166 0.4982493329175455 0.02539088544042354 0.06835189371369381
1 0.45227803396305416 0.5696512979713575 0.03789088544042354 0.06893409057054053
1 0.44023657621572776 0.6245742384180636 0.02532725292686635 0.05741439371369381
2 0.3968951214934634 0.6866354367226524 0.07852497579950324 0.07238873035529281
1 0.4390871666730032 0.6878191011145105 0.025418156517662282 0.0730393937136938
1 0.405351995226422 0.8448845843652876 0.03156816256778665 0.056142992142117265
1 0.5208346747662309 0.06880158146980345 0.044222698672140126 0.083287688998964
1 0.5125222050168519 0.15437520843427416 0.03793633723582168 0.07674659057054059
1 0.49553417203575645 0.2536110750596626 0.045994276930971266 0.11929796360606985
