2 0.5139261569783924 0.49984614399541705 0.07325893992586625 0.08601154160312507
2 0.5266419557045989 0.6851478643601393 0.0743849303072194 0.07354790919430557
0 0.5630680398253498 0.6329138703440629 0.12911212504240907 0.16537303970326392
2 0.5175546431833944 0.603752393995417 0.051800602176918176 0.052726262917777864
4 0.5934251732204613 0.5633650897588547 0.05648810217691817 0.05283536569131932
5 0.6894470344678721 0.8317897410693756 0.10661707694917481 0.1024002610179167
0 0.6190080488958424 0.8488850156706602 0.16848713828925277 0.2646469943004167
0 0.5430580962712865 0.46227406202343796 0.10302085099579195 0.13354115824437507
4 0.5816344351165428 0.09159919253239632 0.06682540145127884 0.0359024388295834
6 0.887539794086519 0.8488902413537159 0.17893356496827514 0.2508390674386806
