4 0.54921875 0.95 0.07734375 0.07734375
2 0.528125 0.725 0.06796875 0.05
5 0.54140625 0.40546875 0.05234375 0.03203125
2 0.53046875 0.4890625 0.08203125 0.0453125
2 0.56015625 0.565625 0.0953125 0.04375
2 0.59375 0.11484375 0.06015625 0.05
1 0.53125 0.0140625 0.028125 0.028125
6 0.44296875 0.396875 0.08359375 0.2359375
2 0.52109375 0.68515625 0.05390625 0.04765625
2 0.51640625 0.80234375 0.05390625 0.046875
2 0.63828125 0.20078125 0.03828125 0.0390625
2 0.41171875 0.11875 0.06171875 0.0484375
0 0.396875 0.6203125 0.08359375 0.1265625
2 0.3875 0.6359375 0.04296875 0.0796875
5 0.43828125 0.565625 0.06171875 0.040625
5 0.4609375 0.6234375 0.05390625 0.02890625
2 0.59921875 0.80703125 0.04140625 0.09140625
0 0.3859375 0.91484375 0.09296875 0.14921875
2 0.3765625 0.8234375 0.04296875 0.04921875
0 0.3828125 0.75625 0.07734375 0.134375
2 0.3875 0.74921875 0.05859375 0.0515625
2 0.66015625 0.0421875 0.07109375 0.071875
