6 0.39402954935422646 0.7252520790122918 0.14742789561857333 0.2931663626613009
0 0.5031053694916284 0.8651674717881985 0.07948422618081655 0.21080484882113631
0 0.5212883828194637 0.6693456358186434 0.09291022868809903 0.1895028517868859
0 0.5395850564138555 0.46961754984908827 0.09046719028743926 0.21281301779449713
1 0.5131722867513071 0.14373814076155922 0.046750631037096826 0.10490767589344294
1 0.5017370300873896 0.24174455924062838 0.0353130258642473 0.0872745069200822
1 0.4808358452102267 0.3432579796968639 0.03365959765100222 0.08408583992388782
0 0.2965227488793728 0.9118209317877609 0.08873955423577735 0.15343801779449712
0 0.30674249802144293 0.7483168473010806 0.09648986975432586 0.20525518577927465
0 0.32032893956252345 0.5495610123201086 0.10135922618081654 0.21169618676785795
