0 0.36015625 0.8690732265765281 0.1328125 0.2538644490629281
0 0.4109375 0.6299258100417651 0.128125 0.23341555674305994
0 0.4796875 0.40067623073316316 0.10625 0.24215405925034225
4 0.44296875 0.4722640742275301 0.040625 0.05118206677218975
0 0.51796875 0.20491510134541882 0.1046875 0.14679609514371963
4 0.57421875 0.48467680918383527 0.0296875 0.01805131802583091
1 0.67109375 0.4039018337944415 0.03125 0.09465928213245363
1 0.62890625 0.5714243029156292 0.03125 0.06809678213245363
1 0.61171875 0.6467054477427796 0.034375 0.07287521034569906
6 0.5265625 0.8261690095669115 0.140625 0.347661980866177
1 0.590625 0.7249979323033735 0.025 0.07572742570596294
1 0.68984375 0.32554115307391374 0.0265625 0.061710389812585566
