3 0.7513850654041786 0.4871615124105061 0.04104317067154532 0.03782963978475244
0 0.4032117420830416 0.5932703870986652 0.11148403469127163 0.18634422249741006
1 0.3617236760820871 0.5881676641869704 0.060902232017817325 0.13401543507002261
1 0.3337286821291759 0.9365345436326404 0.06951361600890867 0.06882708271265799
5 0.43385595146399397 0.9428144687778655 0.06329997867599957 0.07166098428423454
6 0.46094932737904337 0.31543217742153673 0.11951471069381689 0.2054580955329393
5 0.531945816756814 0.6396466193159849 0.029942038669636163 0.023257717535011223
6 0.6289929920830417 0.5827544563718687 0.10770560136854393 0.26425089867609247
0 0.3853173594445858 0.8020289569910413 0.11449994668999892 0.1771147717116218
0 0.4246492953930427 0.4203037679920773 0.10338063335454457 0.16098034946188075
