1 0.5168939704961074 0.5879651709556019 0.027093121018452494 0.03608294574527378
4 0.2855313074548673 0.46400445442767674 0.04012374203690507 0.07208407825883115
0 0.1626662859846569 0.9022033703151131 0.08197658404557524 0.17385565651766227
0 0.20514367036905057 0.71969994252382 0.08464655773721601 0.16606133723582167
0 0.24251632580013163 0.5434146984757484 0.07196454721387227 0.1628636143631848
0 0.2990338233810572 0.32038171945479144 0.08893921558737147 0.2129454275949013
0 0.35122013673288094 0.11684817417705573 0.07387565770898111 0.19567611436318472
5 0.3950618710184525 0.03822372530852386 0.05015118942018661 0.05652271077238853
5 0.302232960043351 0.5093987676593933 0.06523015785015547 0.04723861436318479
1 0.5019291231551783 0.558981652903425 0.0827060841867496 0.025472698672140127
1 0.2792350758001316 0.5436283219141194 0.0983310841867496 0.025563602262936413
