0 0.3261143116749053 0.8760850411514411 0.0940232085166877 0.20244010339082194
0 0.39418251524867715 0.6982468314743127 0.07629719764227279 0.15014985731976366
0 0.4497334727767816 0.502277205957584 0.11739704152049342 0.20196922249741006
0 0.5009325113315255 0.31742701695861997 0.1138263725471326 0.19088617328319826
0 0.5690298898101571 0.11273747870266301 0.1053082184025195 0.22547495740532603
5 0.5830486274528675 0.15842869851398592 0.07588602076024671 0.10178513192686944
5 0.6183069896198766 0.03104975403363992 0.08605951680591399 0.06209950806727984
6 0.5555776130812303 0.6221102088530681 0.2556557282883512 0.3035403387085136
5 0.5719493709898957 0.5839188500855624 0.184080522737413 0.11618157981717356
5 0.5372467657429687 0.6892442049241267 0.19001218775644108 0.10866017824559701
5 0.4818921263899222 0.9569432812266436 0.05427100593149916 0.030599336641598994
3 0.6405601081383144 0.641545105462246 0.04964717292769336 0.031943512820281586
4 0.5149844465793276 0.6232210986378204 0.10159167490485962 0.043720074854774894
