1 0.29631638192686943 0.07017055767257167 0.05876287799792799 0.0878181625677866
1 0.30486093610347986 0.15295578659533282 0.05178513192686944 0.07215680113146816
0 0.397656481593638 0.5681535397185907 0.13649407981717357 0.18043290944452864
0 0.44572376219659987 0.7444842355620607 0.13187935442427942 0.1819681383672897
0 0.45238479279956173 0.9210558259211401 0.13525691149637406 0.15387040944452862
1 0.5862867578533736 0.9101178050402929 0.03939213978475244 0.040843168617910666
5 0.6738486463997809 0.4579235250842596 0.12573205417661057 0.08352154800821018
5 0.6014813407754284 0.4309933864223822 0.07642125889134022 0.06448974687674199
1 0.37861957547394737 0.34398478669352867 0.04927656203449331 0.05183521077238851
5 0.6840713246453779 0.64385193472518 0.03077911910658777 0.023610216822512697
