5 0.51796875 0.61328125 0.0453125 0.028125
2 0.41640625 0.58515625 0.08671875 0.12421875
4 0.39375 0.6015625 0.034375 0.01875
2 0.4359375 0.46640625 0.0796875 0.1
4 0.45703125 0.4609375 0.028125 0.01796875
0 0.3109375 0.51796875 0.08671875 0.2203125
0 0.340625 0.23359375 0.0796875 0.3296875
4 0.33984375 0.38671875 0.01953125 0.015625
4 0.415625 0.50390625 0.02109375 0.0171875
1 0.35390625 0.85390625 0.02578125 0.0640625
2 0.37578125 0.91875 0.10390625 0.1125
2 0.39140625 0.81328125 0.09375 0.1015625
2 0.40546875 0.7046875 0.1015625 0.1109375
2 0.44609375 0.3359375 0.08671875 0.1359375
2 0.465625 0.075 0.09609375 0.115625
2 0.46015625 0.20390625 0.08203125 0.11328125
0 0.26015625 0.91015625 0.09140625 0.1703125
0 0.27890625 0.728125 0.09921875 0.1796875
