3 0.4522321333951115 0.08089546903354206 0.05999504809323426 0.0638456008736806
1 0.4623610684268362 0.3282068801277087 0.044588302902557685 0.06973192496187508
1 0.46015123848243655 0.3914881301277088 0.04297123920022692 0.0681330573706945
1 0.4571080509188231 0.6353654166968407 0.04771330290255769 0.06980466014423622
1 0.4552876344914198 0.48598301253652815 0.04151786660488845 0.07122168977951393
1 0.44845724801626546 0.7039699463321185 0.03214286660488845 0.07100348423243048
2 0.6471254157096131 0.6124221452296881 0.11793652286549072 0.11359233415618064
2 0.6549875341286001 0.4992318142076394 0.07860120435383652 0.10487064437666671
2 0.5933828899337155 0.3601861915824658 0.060411710344286364 0.03106946846486114
2 0.6888417559904498 0.08953015909739641 0.10641866950744613 0.14142639342673619
0 0.7915748863903364 0.12554235391090346 0.15435022721932726 0.2174810535709723
0 0.769293114705972 0.31580367799909786 0.1281151094333124 0.22623780452090295
