1 0.6036491155415351 0.7403914615196183 0.022120439695149586 0.043078837946721474
6 0.6267785850945223 0.5256577994663398 0.11489985479701907 0.4170840237259961
1 0.6156860281093217 0.6861814639910763 0.025336343285945872 0.05883117193911023
1 0.6238121454975685 0.6325935489720482 0.020667024004105094 0.061765170950527096
1 0.6397553080653552 0.5785427189339921 0.028488614363184794 0.06364600593149898
1 0.6533774465308408 0.5204901384016445 0.017514752926866172 0.05695033695813834
6 0.6966835815784809 0.1956148138007958 0.10951239714788841 0.29658052273741303
3 0.741074451893594 0.08724123969423876 0.04109769867214012 0.08290534190105418
3 0.7129716569104458 0.21659581726083693 0.041243144417413904 0.10790534190105419
3 0.6820256630587659 0.2973855608350463 0.05519656010845857 0.08972834486680367
3 0.6686257175098838 0.4515637248654912 0.03176815046753827 0.09033583992388791
