1 0.45883776980069263 0.8582210352379518 0.04102497579950324 0.06969555737069441
1 0.45585769466511933 0.7487914838511809 0.061146578258831144 0.037355836056041626
5 0.5757252879510653 0.8093861045764935 0.050263620413308986 0.04647626291777769
5 0.49948899911623723 0.5951404601998268 0.08789088544042353 0.06922408510611114
2 0.5434157402374427 0.4922706865484727 0.1051511083130606 0.08212412860909737
6 0.5576207034457181 0.912777329406528 0.1182692527304745 0.174445341186944
6 0.600824761020094 0.6927986698309727 0.10883062021691714 0.17750936379145835
0 0.3714150378528694 0.8694657001318407 0.13725560206654458 0.22972648043270852
0 0.4185753424021831 0.6510618454584378 0.13386698165323557 0.18434124525034717
0 0.45732370413308915 0.46370796903354206 0.12779878883482798 0.21544577488562505
2 0.4929203156676035 0.40595067363069487 0.052062469749379045 0.08713763050895836
