2 0.350983219883869 0.8724592554270669 0.14355219470081657 0.25508148914586604
2 0.3902468092377771 0.7247874745580868 0.11985906134627218 0.10153592378986112
4 0.38641383191441303 0.6511043130926975 0.0583215773392725 0.0467798247398008
2 0.4311905299172765 0.6323443470138954 0.11406359468490823 0.14027087516934209
2 0.47395128926641217 0.5181081066248339 0.12658177601845377 0.14248847241038015
2 0.5043302272835932 0.39306051899473426 0.10781359468490823 0.13994332654882316
2 0.5465188219685014 0.2608145850281078 0.11068405601527206 0.11823210085908258
2 0.5805131086489553 0.1609717152858326 0.09193405601527208 0.11724945499752559
2 0.6049414913271821 0.07704377261277885 0.09938292934436319 0.08640889077317435
0 0.2092678872135964 0.8935363952957301 0.10359880935708983 0.18032266508343398
0 0.2761752185710044 0.719590962233615 0.10507040268936266 0.17259205223856355
0 0.3462620939290487 0.5411218034817591 0.08323176535645356 0.17457063206674714
0 0.4079370326225475 0.3465772653766896 0.08677493602799871 0.21067190637700667
0 0.46895799065086435 0.14105428369405532 0.10096470536281679 0.22234639077317436
