4 0.6186558006619538 0.05234375 0.04803939371369381 0.025
6 0.7148030545908952 0.06796875 0.10164389081820957 0.1359375
2 0.6786129975188007 0.03984375 0.05218323821317572 0.046875
2 0.5971018242356023 0.14609375 0.08278257485477489 0.1
2 0.5860786253118409 0.34921875 0.09041529238978611 0.1296875
2 0.5919561360652079 0.49140625 0.06235875889134022 0.0640625
6 0.5811426447516602 0.82421875 0.2503854135632887 0.34375
1 0.5225982063718687 0.621875 0.024820217535011225 0.0296875
4 0.5907703176205737 0.5671875 0.044696069892376046 0.0203125
1 0.7077031064957032 0.57265625 0.027619885855810898 0.05625
1 0.6863631457851176 0.72890625 0.03030823821317572 0.046875
2 0.5596765213018462 0.68125 0.045500898676092486 0.1046875
1 0.6802416941707597 0.42421875 0.03517982878371626 0.084375
5 0.573507773163873 0.8875 0.2500471575674325 0.16875
4 0.5921614197730508 0.9734375 0.1252568651776464 0.0390625
4 0.5728142603435914 0.9359375 0.10843323821317571 0.046875
