5 0.24852516395608276 0.8145850593149906 0.03258700692008221 0.03408583992388756
2 0.21496856464065478 0.8891248028891997 0.12339769072219058 0.11890119171077344
1 0.2967318536896902 0.7069927352084335 0.03603034190105418 0.04202567391627667
4 0.3213923195835707 0.8699848251323212 0.0653995069200822 0.035422846843970034
4 0.36405200486855377 0.783295250037181 0.08663251977166357 0.09712435079830292
4 0.40172310121823224 0.7230090074515548 0.054172846843970036 0.06616351087441501
0 0.45704461258693874 0.6712674353221642 0.13748404844057555 0.23490819368794008
4 0.43988628749179853 0.6314409313678315 0.05248301285158128 0.06297484387822046
4 0.47068530133196307 0.5669619372993304 0.03102450692008212 0.03402217292769336
0 0.3664355641463632 0.8963928275851887 0.1317778765014653 0.20721434482962273
0 0.5563774036131405 0.4804607045995361 0.11870487353571572 0.19514535672980174
0 0.6457303581754955 0.30411572189974156 0.14989120653952134 0.19485619665368964
0 0.7100050582892262 0.1478776507589341 0.12256470258518881 0.17502385771838497
2 0.44318899551419466 0.43515618037924825 0.1090168557412186 0.11051568874502422
2 0.4600329387078432 0.3098524328507063 0.10270318874502422 0.1086985207602467
