3 0.5921875 0.69375 0.08828125 0.090625
0 0.31328125 0.69765625 0.1234375 0.1765625
5 0.34765625 0.73203125 0.096875 0.07265625
5 0.35625 0.87734375 0.1390625 0.1421875
1 0.2484375 0.49921875 0.04296875 0.0484375
1 0.24375 0.5734375 0.06796875 0.065625
6 0.33984375 0.3015625 0.1265625 0.165625
4 0.434375 0.4015625 0.04765625 0.03046875
0 0.31328125 0.94296875 0.1078125 0.1140625
0 0.3171875 0.50234375 0.11875 0.16953125
2 0.6140625 0.60078125 0.03671875 0.0671875
2 0.60859375 0.48671875 0.05390625 0.1046875
