3 0.7077050010257643 0.4201178671805364 0.09489068874502422 0.10732441818411545
6 0.5163795944468742 0.8527584217139299 0.11378656326932308 0.2944831565721401
1 0.47868061767857883 0.965087931314095 0.04349001482874755 0.06982413737181012
1 0.5171263523555396 0.8944716948397857 0.0466786818249421 0.073147994985435
1 0.5376033370325004 0.8224974064391259 0.045434516805913996 0.08091503087881229
6 0.593241888895936 0.6750744886507218 0.1019285504177418 0.24174488229073815
1 0.5756843157779622 0.7229436873179385 0.04524351581733086 0.07622753087881229
1 0.6035772110253268 0.6223132015037034 0.03912084980971962 0.0791706744523216
0 0.21089093980796952 0.905069247888429 0.13050453657757738 0.17702916442319178
0 0.2882307367284892 0.7348680596460537 0.11940521049385407 0.2110404515702104
0 0.3515717006452034 0.5658201944440744 0.10869320357377185 0.17795516693047428
0 0.38793101190017915 0.4623147612162641 0.09935269566510643 0.14022784639736088
0 0.4350222347141418 0.3349315587881239 0.10343270060802237 0.1637562746106062
