0 0.3346972184397005 0.656797713138126 0.14398871642535305 0.24297979534115868
0 0.31101834342110996 0.4583225915868285 0.1004987015966055 0.170538229307785
1 0.3439064392764969 0.5192943911118586 0.09527800790866543 0.042413229307785016
5 0.42435664874458673 0.3317335153766896 0.23232702174882985 0.11508052464894378
5 0.42877618779362214 0.5167259910664301 0.20152269072219048 0.12438028154634875
6 0.39792141311622375 0.7926400378779268 0.1638847223568521 0.2720874412027158
0 0.32197977076024664 0.1151015360689045 0.08184686068413453 0.13369997060135788
5 0.3508886793534841 0.07841708559393466 0.061985346843970036 0.06717421189493059
0 0.32347185284983115 0.8882579958161285 0.16892504942915867 0.22348400836774296
0 0.3154472223568522 0.2800304952503016 0.0958112015966055 0.17029256784239583
