5 0.4960044368458233 0.20976063940163323 0.04785714664195524 0.028670440006363318
2 0.3441367918483304 0.8434078387173614 0.09836806733052797 0.088609061346272
4 0.34319682914179145 0.7136567040499522 0.02107639183263199 0.0221113573360908
6 0.4051264325846541 0.4173816880569519 0.1281151094333124 0.22483746268299926
4 0.442524739663563 0.465492471395588 0.0516369110699257 0.04745680267345431
2 0.4612077961943177 0.31095951273072436 0.09669643992586625 0.08546588001272663
0 0.4531099985644196 0.9009487133990879 0.08182046279135698 0.19618520401018139
0 0.5022816524627691 0.7014396094048149 0.07787700725639404 0.1727113413430903
0 0.5605827697006298 0.5090708434118145 0.0854365361123346 0.21028406667727212
4 0.5537623400263827 0.4581895960773146 0.055198420688572544 0.05999316534054522
4 0.5838838935619125 0.26705606608049626 0.05432540145127884 0.034993165340545127
4 0.6148734879342824 0.1853520800843143 0.06359127404661713 0.0319772533418178
4 0.6122594086228549 0.12592253608367798 0.08617560217691818 0.05254429201145401
1 0.5342906652462769 0.07577653807286029 0.038536710344286365 0.03012385200509069
0 0.6170857739617992 0.3010498054184961 0.0808928798517325 0.16962270401018137
0 0.6629860949205242 0.12807592942390492 0.09969744355406326 0.17140338001272667
