2 0.49467994648913843 0.6032378161607106 0.10204588479802065 0.07438718775644108
2 0.5955424498543507 0.413752210419492 0.06698892319868044 0.04954901384016441
2 0.535242762007687 0.6532086412558508 0.08440374373179385 0.05806185079830275
2 0.446752226510021 0.810903077529417 0.03601170783841656 0.05765067391627667
4 0.40927730707226423 0.7326480849437909 0.036846782132453626 0.03271434091247087
0 0.30797688301565407 0.8533200236888152 0.12079118778015677 0.23589769072219086
0 0.36650112219510134 0.6334903433467479 0.10448422618081663 0.21182352076024671
1 0.3629669452354972 0.6195551773391367 0.022784282132453627 0.03214133794672147
0 0.4275055036944167 0.41825266251038906 0.11276808762187222 0.17470552273741297
0 0.49604124036658154 0.2199159801911555 0.11404108260730723 0.21845552273741298
