4 0.3811558077966991 0.414961744105682 0.06380952885594056 0.04004667984777566
4 0.32692712086605774 0.29183065022746146 0.06435516587924912 0.05567167984777566
6 0.4040725296585487 0.8254681625847512 0.11781252649368774 0.20139535672980174
6 0.3951662995288146 0.9642110331175363 0.09825893992586625 0.07157793376492734
6 0.4174380812951621 0.6497015000371811 0.09235616950744614 0.1426278517868859
0 0.23212806387196688 0.6600938774900484 0.13349209019601868 0.2035945266917457
6 0.2608408848306919 0.8344545489348671 0.10729168874473985 0.16820085475263546
0 0.24849963065434064 0.9450034352849832 0.08221727767481415 0.10999312943003367
0 0.24441226514576045 0.47570163144438116 0.0925198606144388 0.14731535178688587
2 0.25319200970346484 0.34733655091203347 0.060649812521204535 0.08360567885919253
4 0.3216171498068163 0.653598479771226 0.03653770072563942 0.018651840912471053
0 0.2490550920101172 0.2512109674139363 0.06862600362819701 0.08861151384016441
