4 0.56875 0.40390625 0.06171875 0.0875
6 0.509375 0.69921875 0.10625 0.5890625
1 0.50625 0.48125 0.01953125 0.0765625
1 0.53203125 0.478125 0.01875 0.04921875
2 0.575 0.4765625 0.0390625 0.06796875
4 0.54765625 0.5765625 0.07734375 0.128125
4 0.528125 0.79921875 0.07890625 0.22109375
1 0.4828125 0.6515625 0.03046875 0.11875
1 0.503125 0.68125 0.0234375 0.03125
4 0.49453125 0.95078125 0.07265625 0.08515625
1 0.5859375 0.33046875 0.01875 0.04296875
0 0.30859375 0.91875 0.0796875 0.15625
0 0.35703125 0.7140625 0.07734375 0.20078125
0 0.384375 0.50390625 0.07421875 0.17734375
