6 0.5546875 0.54921875 0.22421875 0.90078125
4 0.54296875 0.93984375 0.07734375 0.0671875
4 0.5515625 0.80703125 0.103125 0.18046875
4 0.465625 0.7703125 0.096875 0.11171875
4 0.46875 0.6734375 0.08671875 0.0734375
4 0.55234375 0.6421875 0.09296875 0.13203125
2 0.56953125 0.42734375 0.04296875 0.05625
1 0.47578125 0.34296875 0.03828125 0.05703125
4 0.48046875 0.43515625 0.08203125 0.115625
4 0.56171875 0.315625 0.07109375 0.11953125
4 0.578125 0.140625 0.04765625 0.09921875
4 0.47578125 0.21640625 0.09140625 0.13046875
4 0.5953125 0.01640625 0.06796875 0.02578125
3 0.70859375 0.40234375 0.04296875 0.06484375
3 0.70546875 0.51328125 0.03125 0.0515625
3 0.6921875 0.91953125 0.03828125 0.06796875
