0 0.3048759120160975 0.43405625395672887 0.10285969764227279 0.15195200361804453
0 0.2789142954004639 0.590845164517607 0.11424286661563351 0.163462713703953
6 0.5414765982896638 0.35328869007106195 0.2114653765014653 0.21533283016686777
4 0.45901692536197036 0.3787180580043148 0.06986151384016441 0.06914614767057933
2 0.4943681294300338 0.20284827679665035 0.09336268083635879 0.07193695499752559
0 0.30577386163553666 0.27751964891377473 0.0864362015966055 0.16980124491161738
2 0.3331494451336338 0.2781714241285454 0.07607702174882984 0.1068918091359686
5 0.4084544871484187 0.08247382179912474 0.03370383794672147 0.02359463025772479
2 0.3812116244499369 0.6165622167561706 0.11587435079830274 0.08870837516934209
2 0.4437845617120863 0.5219767350735364 0.06061384783255317 0.0717798247398008
2 0.40737882950658344 0.43551361261772764 0.0722225098858317 0.05055992198083885
1 0.388961821560737 0.8682851690401627 0.03402217292769345 0.0314071302577247
6 0.47577873064826603 0.8934135645630356 0.16430121642535306 0.21317287087392883
1 0.4304224682909764 0.9651911465389255 0.03564833992388792 0.03305151741285428
0 0.2624377667315519 0.7262094544316987 0.09489068874502422 0.10943695499752551
