0 0.34453125 0.32578125 0.125 0.19609375
4 0.35546875 0.21640625 0.06640625 0.0421875
0 0.384375 0.1203125 0.09296875 0.1703125
1 0.36171875 0.1828125 0.06953125 0.03046875
1 0.34921875 0.26875 0.08828125 0.0234375
5 0.40390625 0.33671875 0.03203125 0.025
6 0.4734375 0.81953125 0.1109375 0.3
0 0.25703125 0.865625 0.134375 0.22421875
0 0.31484375 0.61484375 0.1078125 0.2328125
2 0.33046875 0.36328125 0.06796875 0.0515625
4 0.4046875 0.0625 0.06484375 0.046875
1 0.58515625 0.2015625 0.028125 0.071875
