2 0.3768127139447559 0.8446611729648744 0.18493498407381015 0.15094437056996596
2 0.3064400297862412 0.8966109921285156 0.08651289462538862 0.12043451680591417
2 0.42036456384593385 0.7422829308735398 0.1046412683452644 0.08376218775644091
2 0.4693851637471118 0.6401275232688857 0.1996807525602488 0.08295837452429886
2 0.5146514320923762 0.5620953651699399 0.10213789462538862 0.12107118676785796
1 0.5479266636765247 0.5689329555881193 0.04704159997176518 0.03153384288963732
5 0.6325508346102726 0.4470844718997416 0.10603716837349922 0.05420202174882984
2 0.6587940871705213 0.37297580984646306 0.08689232622365459 0.10018568380210838
5 0.7020736503105836 0.35594481874371164 0.05678062101845249 0.038165844866803675
5 0.7959054922486666 0.18356975304011164 0.03628611049510884 0.03421317391627663
2 0.7222867107492226 0.2643621552075584 0.11214993145709151 0.13239068874502422
2 0.8228844921780795 0.11027417448493029 0.06603379465362344 0.08998301285158128
