2 0.646500943011738 0.17565003254888265 0.05599105042954129 0.0568521778706093
1 0.7039117305509806 0.31501893867066216 0.032635437584671044 0.05745967292769336
1 0.7085836996820003 0.5684941071497314 0.04282266508343398 0.10309050790866543
3 0.777989876185395 0.7574810112943444 0.05333079715018094 0.18459517589344293
3 0.7774210673881107 0.9109561797734134 0.047428277928304216 0.10171900889724839
3 0.7677329703742153 0.47213376030576126 0.041587713703953 0.10927684091247088
3 0.7695145556294657 0.5957622612943444 0.0375619549975255 0.09196200692008212
1 0.7137425904551747 0.6669316071497313 0.024249727498762752 0.04620383794672147
4 0.6844069725219217 0.7495504475679107 0.032396420171816584 0.023148339923887918
1 0.715701238125754 0.7341827741459257 0.0358423247398008 0.05914950692008212
6 0.7081011793284697 0.8879444441078697 0.13039126413349428 0.16746602570316255
4 0.7017349926483097 0.8561041950964527 0.07794129353213641 0.0889298488211363
4 0.711622326999049 0.9551319441078696 0.06232958163720568 0.02904551285158128
2 0.596509745588986 0.5065127133852415 0.06559842378986111 0.1211693458553869
1 0.7026468809350933 0.4552128571497313 0.03033595318850324 0.043333505931499164
