5 0.32578125 0.83046875 0.028125 0.02890625
2 0.30625 0.91015625 0.10625 0.1
1 0.35390625 0.71640625 0.0296875 0.03671875
4 0.40703125 0.871875 0.06171875 0.025
4 0.43359375 0.77890625 0.07109375 0.08515625
4 0.459375 0.71328125 0.04453125 0.0578125
0 0.5046875 0.65234375 0.0984375 0.21796875
4 0.48125 0.61640625 0.04296875 0.05546875
4 0.49921875 0.54765625 0.0265625 0.0296875
0 0.45625 0.89140625 0.096875 0.19296875
0 0.56796875 0.446875 0.08671875 0.18046875
0 0.62421875 0.2578125 0.11875 0.175
0 0.659375 0.09296875 0.09375 0.159375
2 0.44921875 0.42265625 0.09296875 0.09453125
2 0.44296875 0.296875 0.08671875 0.09375
