5 0.47922372540484337 0.9578125 0.1249537683452644 0.0796875
0 0.4395480334244081 0.8265625 0.12076606826055976 0.16875
1 0.4230731649662044 0.865625 0.05805469468185844 0.0578125
6 0.6031470728163598 0.9125 0.12269258930724707 0.175
2 0.4993215206937515 0.37734375 0.08505681043863902 0.0921875
2 0.5316896157567808 0.034375 0.08894067363517096 0.0515625
2 0.5015371971009328 0.28125 0.09977175782192056 0.0765625
2 0.49157909719975484 0.17734375 0.06098227360693613 0.08125
2 0.581085273112826 0.60078125 0.03178062101845249 0.0359375
5 0.4850817993505981 0.6828125 0.09443181043863902 0.0921875
0 0.4759427468044667 0.59296875 0.10910052616718495 0.15625
