1 0.2828125 0.78125 0.03515625 0.07109375
1 0.36015625 0.72421875 0.03515625 0.0640625
3 0.40234375 0.8625 0.04453125 0.1125
3 0.4171875 0.72265625 0.04453125 0.071875
3 0.44140625 0.58359375 0.04609375 0.11171875
3 0.44765625 0.4921875 0.03984375 0.0796875
3 0.49140625 0.0984375 0.05390625 0.10234375
3 0.51328125 0.02890625 0.03203125 0.0578125
3 0.47890625 0.33125 0.03203125 0.06484375
4 0.44140625 0.1390625 0.028125 0.0328125
0 0.0921875 0.884375 0.07578125 0.2171875
0 0.10859375 0.67109375 0.04765625 0.190625
0 0.15703125 0.4328125 0.04921875 0.2453125
4 0.36875 0.67421875 0.02421875 0.025
2 0.18984375 0.96328125 0.07421875 0.04609375
1 0.41171875 0.3953125 0.03046875 0.0703125
