4 0.4522568598118305 0.6123461663425853 0.06435516587924894 0.05530754809323426
4 0.3096750010114903 0.7179835858500315 0.03341270072563942 0.0183333377489479
2 0.36863084956021147 0.7502578833102935 0.10124009618646843 0.1283829495445131
4 0.3876883844066018 0.7854860551799924 0.021130955534962848 0.024146828130301046
4 0.5056844824919868 0.28899794637965215 0.03390377404661713 0.032395837748947984
2 0.5023164350317247 0.22903266933781014 0.08474207694917482 0.10283731252120454
4 0.5061706105296208 0.16335310563547928 0.03826389183263199 0.023184528855940557
1 0.45042157441728603 0.3744195804077358 0.03412202885594055 0.0386458377489479
2 0.32646565301092334 0.885161162166234 0.09197422359113024 0.13118056733052796
2 0.3754388994675443 0.6446800059056318 0.09395338584218216 0.09847719473518968
2 0.41381440790506474 0.5512648226031874 0.08032739546082901 0.11048612141421188
2 0.45039180336589385 0.44230648485423957 0.08128969473518968 0.09335318511654282
2 0.5611086255905632 0.02951881393399893 0.07918155771188111 0.05903762786799786
2 0.5331448274973289 0.08360111824935101 0.10703373920022674 0.07084326805616734
