0 0.2989323070675854 0.9200074543538366 0.10778688296032675 0.15998509129232694
4 0.32640233560363263 0.9122743438242157 0.06297949710451585 0.1129563569862416
0 0.3064985963569996 0.7696230523544034 0.11552660835322089 0.169389895460829
1 0.32768008353671807 0.7220040078893664 0.03808650496239876 0.08088790145127885
1 0.3303277404849781 0.6448785126986898 0.029327935070022626 0.06030258293962447
0 0.3571042562007438 0.583415223042976 0.08224322745980875 0.19162699400955016
1 0.337463844290085 0.5803894267638403 0.03208906203449331 0.052599210344286364
5 0.42829220553879 0.6381597759455337 0.03412244292790554 0.029270837748947898
0 0.39445643713693723 0.2633681070710597 0.06945212903138528 0.1849404843909034
0 0.41686432237357546 0.0746156311176768 0.06937504631872748 0.11629961179556507
1 0.5673373573197635 0.09000999654143896 0.031070217535011223 0.030724210344286275
