5 0.2927472796203142 0.24939643344363405 0.07282468775644109 0.10120003571381497
2 0.1821904871112377 0.4527453502448813 0.04192751482874764 0.0709943384737585
1 0.21825266251038905 0.41073908238797385 0.035266337946721474 0.02247501785690744
1 0.31190982060933486 0.4497003965120031 0.021331171939110227 0.0253545560063543
1 0.279157034526049 0.6212441599046837 0.024774506920082207 0.03322160308425506
2 0.352127596806789 0.32486799188562043 0.04862318380210837 0.08204093262955983
2 0.35631632558943177 0.03217661586967536 0.03555018083635879 0.06435323173935072
2 0.3277018942587814 0.10045437297305275 0.04310801285158128 0.061646612012708824
2 0.2993739644110057 0.16340438636573335 0.037974843878220456 0.050627291395857824
2 0.23434984779537218 0.3222396440763711 0.03373301285158128 0.061482970779006774
0 0.616602568175058 0.06411547544839986 0.0929116946765232 0.12823095089679973
0 0.5505080414833123 0.18868720982525344 0.11848469764227279 0.14883869480442452
0 0.4934555923581647 0.3434798498411395 0.12999520060802236 0.1630921095770769
