4 0.5 0.34140625 0.028125 0.0234375
2 0.57578125 0.30703125 0.0796875 0.05078125
1 0.57734375 0.271875 0.02109375 0.015625
2 0.59296875 0.04453125 0.0625 0.0875
2 0.58359375 0.17421875 0.06484375 0.0765625
2 0.5546875 0.40234375 0.0765625 0.128125
2 0.5296875 0.646875 0.075 0.0671875
4 0.52109375 0.59765625 0.0171875 0.0171875
2 0.49609375 0.89921875 0.03828125 0.05546875
4 0.54296875 0.8796875 0.028125 0.03125
2 0.54375 0.54765625 0.0671875 0.07421875
2 0.53359375 0.7375 0.10390625 0.0765625
2 0.50390625 0.8 0.04296875 0.0640625
2 0.5265625 0.8453125 0.10390625 0.0328125
