6 0.538449509838081 0.40062841811760846 0.18059041723114042 0.3796828029821363
4 0.52353491802411 0.267179420624891 0.024420145861557073 0.01943196159934022
4 0.5462963093631112 0.37034152454409924 0.03888543758467104 0.0572956744523216
5 0.5193232943251058 0.5565601693712497 0.14469278154634874 0.20078491316955063
4 0.5404413777713339 0.4820602745440993 0.0885512449116174 0.08214256175762476
4 0.5208514948000758 0.5871198475844951 0.11954229534115868 0.1376484156768331
6 0.4653031004088567 0.7811138884924373 0.265784288782438 0.39776286473976086
4 0.38033828019161164 0.7152639164682558 0.0606851944820761 0.02672763605166182
4 0.45428039122745967 0.7674916576927673 0.08222600180902226 0.05075616943775678
4 0.460004768771651 0.8075627282258807 0.0622476944820761 0.026773100158284536
4 0.48576168532542285 0.8834265462517117 0.06759029172311397 0.03940949247815269
4 0.45091529455224844 0.9810002282258807 0.03075203301668683 0.02117631802583091
3 0.5723343504088567 0.7842281797960909 0.04347111827193721 0.14479567445232178
3 0.5955073360482199 0.521219714435827 0.05185682835784533 0.15596049498543502
3 0.5826620980340075 0.6319526259560251 0.03296298620519007 0.06336381802583091
3 0.6188131184990798 0.3004669452354972 0.05563692559888338 0.16855142319868044
3 0.6043644369073025 0.41193564264907245 0.03756859905006031 0.06193771034569906
3 0.6309667169833132 0.03870273112887452 0.03494156603337366 0.04157974623907631
