3 0.4917514880142123 0.09396818857510383 0.07267393939369349 0.10703373920022681
3 0.49004182383528966 0.01848707205503334 0.05360967887824373 0.03697414411006668
3 0.49706086499257685 0.2550148159797655 0.0467798247398008 0.05934028366526398
3 0.4977446969684669 0.5070138255984123 0.041103034825709095 0.07005952885594055
4 0.4610823371758144 0.8080604596264962 0.05533595318850324 0.044042665879248946
1 0.48512958955066354 0.6545981537287135 0.04323874491161739 0.08105159255827132
1 0.4748151300305821 0.44285212187754813 0.0510578889641522 0.05169147477225664
1 0.4798899751239135 0.18125985744957784 0.043907130257724705 0.03428571996293313
1 0.46756471053613413 0.8720138322218343 0.0676655348257091 0.07098711179556502
4 0.20701787765573298 0.6048263653389442 0.05959408525525038 0.12529266587924912
6 0.3320023467867528 0.8540500606222879 0.1718152035271876 0.27269843393541643
