4 0.6053663943430401 0.42759124391916714 0.07898882096198286 0.09702177678548622
6 0.5219293519673165 0.704118956306389 0.22235501522031811 0.591762087387222
1 0.5366688732257654 0.49386890092927127 0.03423776308359248 0.07881598423243048
1 0.5624956258566014 0.4952502161837504 0.028003173635170953 0.05214438145888885
2 0.6057373916416169 0.5009378249412157 0.052714747298576906 0.0745648953265972
4 0.5706637126035996 0.5953047675705212 0.10175846302712266 0.13968205547083343
4 0.5325321939759867 0.8113103208571533 0.12275277346576186 0.23223323138263902
1 0.49944043096298146 0.6584028731938545 0.053973410410404196 0.12296602773541672
1 0.5177122888272544 0.6908159829012505 0.030127115756780752 0.03502961664125017
4 0.4870894333114687 0.9537556069997745 0.08983531570031093 0.09248878600045103
1 0.6286149075678068 0.35791517676482687 0.02763915258848364 0.04589438145888893
0 0.3040802412604462 0.8941546159756599 0.10964655773721602 0.16795252583555573
0 0.3692215809206291 0.6998428779435072 0.11688220506402783 0.21181162860909736
0 0.413549891641617 0.49646461122600727 0.10926712613895014 0.18822865824437507
