0 0.4544808438235714 0.5657669910655704 0.10896112602253201 0.15114068874502423
1 0.43492085009177756 0.5118116615218058 0.05259145407749273 0.09109984387822045
0 0.3987753792547303 0.8824716714076377 0.13546144154108058 0.20372186068413428
0 0.4351578454729241 0.7081282460084862 0.1263304824490227 0.15809102570316255
6 0.6314992995504168 0.7892960384803818 0.1306495725781776 0.3065285257031626
6 0.6766537090255508 0.4863182771116752 0.12611518527287427 0.2579636917107738
6 0.7184905533778476 0.28437643372774624 0.10334762351524951 0.17276102076024671
1 0.7209503121533362 0.20762293273916307 0.04717652837152997 0.06590884288963732
6 0.7448304298625981 0.11435309380385843 0.1205351235152495 0.17346135771838495
1 0.7516631030612785 0.16100525931717807 0.033949102665567034 0.04039950692008221
1 0.6353227007122806 0.2486564510279518 0.031005959092057722 0.04652217292769345
0 0.4912270228947467 0.40392356566641896 0.1204896594086268 0.17189885771838503
4 0.5858047708496825 0.10597154391758916 0.04203438730530316 0.05009284190105419
1 0.5170942232778227 0.056365474753948 0.05215353338609478 0.02241351087441492
6 0.5553480442066474 0.21515288433576857 0.09548965940862679 0.17088018577927472
