0 0.26146743950523504 0.75546875 0.06640400723608923 0.19375
1 0.25067710368415774 0.8328125 0.028029824739800802 0.0578125
1 0.2558349151949756 0.75234375 0.02137038896415202 0.05
1 0.26333979873206065 0.65703125 0.022605340343633085 0.04375
0 0.2853166180447945 0.56953125 0.06723616689245623 0.15
1 0.2815464868825586 0.5125 0.019391809135968607 0.071875
0 0.30369372455808674 0.3984375 0.05243003844375371 0.165625
1 0.2881406456344144 0.44453125 0.026385437584671045 0.05625
1 0.30169745533620984 0.315625 0.02827548620519007 0.0625
1 0.3067667356393632 0.26328125 0.021206614653892508 0.046875
0 0.2431722201470726 0.928125 0.06978795680654795 0.1390625
