0 0.19656212945017928 0.9125 0.15190075599585606 0.175
0 0.2796058775881525 0.70625 0.1452526497095498 0.2
0 0.34680630190480805 0.5046875 0.12253858767505647 0.1484375
0 0.412840178454994 0.36171875 0.09470468610347993 0.1546875
0 0.5268856776264246 0.06015625 0.07264559553293921 0.1171875
6 0.4762153961994023 0.8796875 0.0984161910658786 0.234375
1 0.48008525889584935 0.88046875 0.03565070967712849 0.0609375
6 0.5195052855698699 0.68828125 0.16276978949430204 0.240625
1 0.5468832688206469 0.72109375 0.03616013192686936 0.071875
1 0.5711791015333045 0.65234375 0.03365156203449331 0.0515625
1 0.5969817762642449 0.6015625 0.031943512820281586 0.0484375
6 0.6703037679920772 0.41953125 0.13969616252983136 0.2484375
1 0.6332703407799376 0.51015625 0.03499573821317572 0.046875
1 0.6559308988854895 0.44296875 0.03499573821317572 0.046875
1 0.6810978728306415 0.3890625 0.03892125889134022 0.0640625
5 0.756656606700591 0.17578125 0.0486943651776464 0.0390625
5 0.7074463571148758 0.3265625 0.05312930810555194 0.0671875
5 0.8012307061624717 0.07421875 0.03982878742738762 0.05
