3 0.6415168718899817 0.24428386952954612 0.09413285956551007 0.12707156010845858
3 0.6505311030067892 0.3864804598886257 0.06024253844375362 0.16592498184962742
3 0.6265369188130201 0.8526049087571576 0.05219766508343397 0.10183521077238851
3 0.6318341711878693 0.7003384268093343 0.04972776232447185 0.11431703005422929
2 0.40839775045022597 0.8778902133064713 0.10483134215265544 0.09276928298109546
2 0.41451055235010525 0.7560879361791082 0.08870173111680746 0.14266019867214014
0 0.2708911063976912 0.9060005360061577 0.09115834577069996 0.18799892798768453
0 0.2773890106269913 0.7178016201187214 0.07964763568479168 0.17853406615858275
0 0.3026745364075888 0.5445641080184729 0.08327060266810493 0.15824883723582167
1 0.3099990355030776 0.5203953549934108 0.025075243102595034 0.031386355386194255
0 0.31521440072279705 0.3665663730455876 0.07224457146044046 0.1863011143631846
0 0.3366788856847917 0.18002943022717993 0.056216779737326396 0.1487193011314681
0 0.6420447371097012 0.09042761650448403 0.06567366689245624 0.15033634328594586
