6 0.4064158890876698 0.766033992347005 0.1616267879384413 0.29931941149637387
0 0.5234860656515625 0.9016696236547018 0.08890469028743944 0.1966607526905964
0 0.5307315789793977 0.7147155490048147 0.10237615690134447 0.19357452564056316
0 0.5396759846271009 0.5148610982190265 0.09993311850068451 0.21686647642635143
1 0.4952035367513071 0.18813162427387436 0.05148359514371954 0.10694351282028158
1 0.4892370300873896 0.28564232505966264 0.03843802586424729 0.08761131596343467
1 0.47378186315691534 0.38662262820281584 0.038347097651002214 0.08448631596343467
0 0.31906533861281605 0.9358926122821624 0.09632473370266395 0.12821477543567533
0 0.32055494543501817 0.7862865262597356 0.10591033386094857 0.2077825748547749
0 0.3239851369760987 0.587739864349077 0.11082515439406197 0.2158133986760923
