1 0.3380505471096414 0.3698731802271799 0.024710494985435004 0.04388635538619425
5 0.37187161764275484 0.3778811229473916 0.1003469924781526 0.06619769262201594
3 0.10311588677657771 0.8324903131335208 0.04520485141192578 0.05025453005422946
0 0.4222295996295591 0.8468447463857627 0.12854150329870534 0.2835124576491307
0 0.5465152311288746 0.6351037913689108 0.11335912100796719 0.1912522347764936
1 0.5350117783050229 0.5350537943939729 0.04160848997087019 0.08772725897699055
1 0.574349411453691 0.46420093890958275 0.05388116943775678 0.07998748184962742
2 0.5132240433487176 0.40369925526455736 0.0883016335443795 0.08174996974937905
6 0.5458617324490227 0.15627480942108757 0.21649614436493217 0.29964651775758916
0 0.6105058717993899 0.4987804719888741 0.11903480799670092 0.11786018657189175
0 0.7721598079967011 0.12165995666717191 0.1634045851145899 0.19310562626704136
4 0.6566377595669114 0.23190658937712097 0.06719952335696497 0.10818520472226431
0 0.7498003893503672 0.346491785024199 0.2518713547106312 0.33422150565734077
