4 0.3786656917399648 0.14041175670823997 0.0587599303072194 0.07383929328391084
5 0.3492362075186974 0.7277282182336526 0.04300595553496285 0.024910719962933037
5 0.3531821191367772 0.5725868504476377 0.03174107332097762 0.01515377404661713
0 0.158824517044677 0.838903787293461 0.10640380054030496 0.23156251324684404
1 0.15031510179840007 0.9080530913771451 0.03315972958157998 0.05577877404661713
0 0.2166196257601992 0.616976712791357 0.10638395317271013 0.18630457694917482
0 0.2870685018989166 0.3775446797590652 0.10834824645662096 0.24255457694917482
1 0.2857093877410987 0.4726934886520726 0.0400099303072194 0.07318452885594055
1 0.2948710782151191 0.3551885301218849 0.026200401451278842 0.035248019237293704
1 0.315880493461396 0.28647573565684775 0.047405768056167294 0.10621528366526398
1 0.34560022059590534 0.17671135525696116 0.02954365626060227 0.04160714664195542
5 0.4294320727728236 0.23113844962933108 0.0414980192372937 0.026418656260602268
6 0.41019604408651905 0.836933304126093 0.1678175048941414 0.326133391747814
