0 0.4043713018778238 0.9010135750373773 0.1351397106938169 0.19797284992524525
0 0.4258303205760951 0.6697100746445939 0.14162606802990768 0.221121541958086
4 0.4912638692314138 0.7536901649054777 0.03306703866963616 0.0220658975406721
3 0.6422558465945487 0.5350224990180413 0.06929544000636341 0.04727497579950324
3 0.6405853532781844 0.4100043182998821 0.05674089600572714 0.04251475292686635
3 0.6348807932845477 0.36309295686356363 0.03637385200509069 0.03770907825883123
0 0.4309472712842295 0.3642504150036735 0.10445223734881744 0.11466246369925477
1 0.6102053205760951 0.6707827370159889 0.030414753341817757 0.0626727168225127
1 0.6078064792330047 0.7426486466569091 0.03532042934436319 0.08144998789975162
1 0.6029638905554142 0.8230946707592102 0.02587270401018138 0.07514544574527378
1 0.5987843732097785 0.913701490041051 0.032231792011453916 0.08455680718159257
1 0.5972940512015061 0.9746344448615112 0.025490896005727137 0.04233294574527378
