5 0.5859375 0.4609375 0.0234375 0.02265625
6 0.559375 0.65859375 0.09140625 0.25234375
5 0.5484375 0.55625 0.03203125 0.02421875
6 0.6375 0.590625 0.08046875 0.1796875
1 0.7234375 0.290625 0.03125 0.125
1 0.6859375 0.43828125 0.03203125 0.11484375
5 0.46875 0.91640625 0.04921875 0.0359375
5 0.4421875 0.98046875 0.07578125 0.0390625
0 0.3875 0.903125 0.08046875 0.19375
0 0.65703125 0.8859375 0.06171875 0.209375
0 0.7046875 0.68828125 0.06953125 0.18125
0 0.43203125 0.6875 0.0984375 0.22734375
0 0.50078125 0.46484375 0.08203125 0.1796875
0 0.54609375 0.27109375 0.08984375 0.1828125
0 0.74921875 0.496875 0.05703125 0.171875
0 0.79296875 0.3390625 0.06484375 0.14921875
0 0.6 0.08125 0.07734375 0.14921875
1 0.6125 0.11796875 0.025 0.03828125
5 0.64453125 0.10234375 0.103125 0.071875
4 0.82265625 0.14453125 0.03671875 0.0265625
