2 0.3296875 0.396875 0.04765625 0.075
2 0.33125 0.47578125 0.04453125 0.05703125
2 0.31875 0.5546875 0.04453125 0.0609375
2 0.3265625 0.61875 0.04140625 0.06484375
2 0.3234375 0.6875 0.05390625 0.06953125
2 0.3125 0.7671875 0.04765625 0.07578125
2 0.30625 0.8515625 0.05390625 0.08671875
2 0.2953125 0.94296875 0.05390625 0.0921875
6 0.50546875 0.88203125 0.16953125 0.2359375
2 0.3390625 0.26796875 0.06015625 0.13203125
2 0.3515625 0.04375 0.06171875 0.07109375
2 0.3375 0.15 0.04765625 0.09453125
