6 0.6315314256394559 0.47501042788404096 0.2792067445232167 0.36719482633910105
1 0.6785247829238765 0.3164788623654925 0.03467652837152997 0.06501724623907634
1 0.7264538175636125 0.3244672071135007 0.027880959092057723 0.046085389812585656
1 0.5157880683550353 0.6355424140939874 0.052289925705962935 0.02650031551854859
4 0.646370478621592 0.6356524111909936 0.060193353919208194 0.02985263605166182
4 0.6026097699252457 0.744047584389674 0.027289925705962937 0.025772889812585475
2 0.5943125704666065 0.458891334389674 0.11815426959604132 0.14394387978345585
4 0.6177046063599837 0.4566468727903338 0.02862510517284953 0.01800585391920819
2 0.5534866451563549 0.5875308114284203 0.06252874373179385 0.05646060015828454
2 0.5987379945232167 0.34225776385656054 0.06280152837152997 0.06583560015828453
2 0.6700099377801567 0.21195048673867184 0.06318196159934004 0.02525606426490725
1 0.6942393964765031 0.10412361487277492 0.039864133544379496 0.08234113855894432
1 0.704253523290458 0.5557770430860203 0.024330061757624755 0.0850114974927175
3 0.7252443217202476 0.44413484943336873 0.029761707838416383 0.05706835391920819
3 0.7319513112954064 0.37904104684694395 0.025954746239076343 0.03353992570596294
3 0.7235347207040332 0.5466149917532368 0.029699523356964973 0.10858538981258548
3 0.7148908095795468 0.7063764366595295 0.027955166930474284 0.10228992570596276
3 0.7076275420285695 0.8598424174591998 0.030625525864247473 0.08675585391920819
3 0.6951479255729489 0.9415243264721151 0.030125420691397942 0.0695683539192082
