4 0.42421875 0.4796875 0.07109375 0.07265625
4 0.41171875 0.61875 0.06171875 0.1015625
4 0.41796875 0.57265625 0.04921875 0.04921875
4 0.4078125 0.70546875 0.05390625 0.0578125
3 0.69609375 0.7109375 0.03984375 0.05
3 0.703125 0.51796875 0.04140625 0.040625
3 0.70234375 0.57578125 0.03125 0.04609375
3 0.72578125 0.14375 0.04765625 0.09453125
3 0.7234375 0.0453125 0.03984375 0.03828125
3 0.721875 0.01015625 0.03125 0.0203125
1 0.625 0.83203125 0.06484375 0.09453125
3 0.69296875 0.79921875 0.03125 0.046875
1 0.6140625 0.94453125 0.05546875 0.1
