3 0.4075130675355899 0.439490419359201 0.027398954597152782 0.03655574905006951
1 0.5009539430105552 0.4505896138883676 0.027362587005972116 0.03499324905006951
1 0.40120525009690916 0.6098574707459719 0.053744555470833434 0.09495013050895836
1 0.3769118052834022 0.7142728670224997 0.05737739532659729 0.04974673328249999
1 0.4261189035916316 0.3781528758562149 0.05319904160312507 0.07151263050895836
3 0.45848138117454845 0.1618914430105552 0.05468880642076392 0.06842399810013892
3 0.43560561920670116 0.23894490549149267 0.03684668977951393 0.03989895459715278
3 0.42806456971979145 0.2945591258562149 0.024237587005972294 0.03492051386770836
3 0.3945026148382981 0.528807492497465 0.04967399810013893 0.05425239532659738
3 0.3538366747744438 0.7663445132990274 0.02732621941479163 0.03343074905006951
4 0.4077766795240964 0.8978295962209373 0.03343074905006951 0.027326219414791807
