3 0.6249171450065891 0.3119951174494488 0.07695338544042354 0.07075345574818703
3 0.5908667935292198 0.9262010126108846 0.06293633723582168 0.07791098428423418
4 0.7680206877502421 0.6984506559102935 0.04396816861791084 0.039537688998963996
4 0.7477571429634857 0.9577336106250233 0.025163626463433175 0.029289393713693813
1 0.6251786818965096 0.8043281666636606 0.0601658612399266 0.13870293507002246
1 0.6339865762157277 0.6335982896991899 0.08672836123992678 0.13994010339082213
1 0.6394013049420971 0.5088166135205074 0.0771988251355733 0.11294095574818694
4 0.6456977984991895 0.23247243734182493 0.05351588544042354 0.06966183664159917
3 0.643654551229664 0.04638938812761324 0.050190897540672096 0.03514128742738744
1 0.6494682139938424 0.12168048655603667 0.06303633118569749 0.09509848428423431
