3 0.46875 0.35 0.04921875 0.11484375
3 0.4859375 0.6140625 0.04296875 0.14140625
3 0.49296875 0.853125 0.04453125 0.04453125
3 0.48671875 0.9359375 0.0296875 0.0546875
3 0.48984375 0.72109375 0.0265625 0.03125
1 0.50859375 0.4640625 0.07265625 0.14375
3 0.4796875 0.47109375 0.03671875 0.078125
1 0.49375 0.24296875 0.05859375 0.08046875
1 0.51171875 0.34609375 0.04453125 0.10625
1 0.48828125 0.04609375 0.06328125 0.0921875
3 0.46796875 0.10859375 0.05234375 0.059375
3 0.47109375 0.17734375 0.05078125 0.04921875
