3 0.5018303732283105 0.09635253763678442 0.04102679328391083 0.05806936517764645
3 0.5009474634243292 0.2951539106723137 0.056289694735189674 0.09309933664159917
3 0.5042336653310949 0.2323991995474432 0.04974702885594055 0.039756012820281586
3 0.5025223763083534 0.3850704352794196 0.03995536660488845 0.07205909057054054
3 0.49591276695985903 0.48710597022560764 0.060902783665263985 0.04651543507002263
3 0.49480662394610064 0.5450640194398193 0.04318949400955034 0.07532963978475227
3 0.49276546350914713 0.6210635932611369 0.04673115626060227 0.042735463606069855
3 0.49098225261670675 0.7940837162966662 0.048730165879249124 0.05530823821317572
1 0.5051662929053926 0.8865430440469252 0.06464783175849824 0.10908820967712848
1 0.5159276557972661 0.5448628122438903 0.05012897477225664 0.05069351282028158
1 0.5201289946425224 0.17218729156572582 0.04598711179556503 0.066100188998964
