1 0.47042325013301395 0.9214571820406761 0.04904055674305994 0.12944345909205773
3 0.43214566330256454 0.7883097129194885 0.054534387305303154 0.04998327962517113
3 0.43807140287772334 0.8529261423863751 0.06377299498543501 0.045568564264907255
3 0.39102187279033374 0.592017386118169 0.05963106426490725 0.0641821719450391
3 0.3884795459890142 0.5452560463847256 0.06533549498543509 0.04561402837152997
3 0.34804372875460604 0.2716654336900287 0.0499378155185485 0.05297188730530315
5 0.48230638314866797 0.056999876946968855 0.06836956677218957 0.04257995658477529
1 0.3272407984297897 0.10132184144930294 0.06950616943775678 0.08164245658477531
1 0.401516755081072 0.49960256558505545 0.07681856426490725 0.06468227711788863
1 0.4222143853267461 0.7003921757724699 0.07487563103709682 0.10521634890464338
