3 0.6073140796077766 0.7440290771305239 0.05992296360606986 0.046994671945039104
3 0.6089043507002259 0.6106626476636373 0.050547963606069855 0.046721887305303154
3 0.6066440297743924 0.49512857587688275 0.036194365177646404 0.04006271034569906
1 0.6268794470617347 0.42706053747622297 0.0903767510334573 0.09781302586424748
3 0.6120870469379002 0.3774780746232415 0.05062073821317572 0.048284387305303156
3 0.6154945291552198 0.2496258592629776 0.061194365177646405 0.04079013605166191
1 0.6234204991714305 0.31929350158284564 0.06948205417661057 0.08472199247815268
1 0.6342275283266503 0.5513247515828457 0.07824062406898662 0.10526181301126591
1 0.6296749230738012 0.6713417348897982 0.0731892510334573 0.09731292069139794
1 0.6249853848178443 0.9195044782591342 0.10295383374611511 0.16099104348173157
