3 0.37994098829253503 0.21612630775194414 0.1036522408266178 0.09302526101791671
3 0.4630332059006147 0.7031885902370135 0.08165906615858276 0.072203614741389
3 0.4046677566392994 0.39677624249746496 0.07209316861791085 0.039172909194305564
4 0.37212446399384236 0.08273257950343718 0.07265677088084707 0.13604790919430562
4 0.40905125049097935 0.3146540735195136 0.09589428298109545 0.10221842306201392
4 0.4929060165000526 0.9391799884134023 0.08182269262201594 0.10032861474138884
4 0.4835588084581386 0.8003538777560759 0.08976245764913049 0.1223854526972918
1 0.45137406411547937 0.5589482809664579 0.07226588544042353 0.06886040919430556
1 0.4383837056060271 0.5092574054914927 0.06446247579950323 0.07024107123840277
1 0.4642644286750558 0.6258266564414232 0.05504202400410509 0.062210365691319505
