3 0.39367053351910886 0.8935973552700969 0.0546253155185485 0.05434666327441136
3 0.555286612761204 0.4865174383776406 0.05999477711788863 0.0780298247398008
1 0.4538555272509027 0.835839086952731 0.09505173871722902 0.10326884215265544
1 0.489554998021443 0.7349007066950063 0.09059155925034226 0.11083568068726617
1 0.5444363778048987 0.6181359305757244 0.10161998746358769 0.11453389077317447
1 0.5972467922280905 0.49211898518913727 0.062011918184115444 0.09373671189493056
1 0.6902683326738144 0.21734363523456576 0.07129598997087001 0.0911030348257091
1 0.7398484470178639 0.12191827058067324 0.08939277210332364 0.12325379353213636
1 0.7699882395751587 0.029954796755725877 0.0753924565847754 0.05990959351145175
4 0.8153412258516122 0.3691407513587964 0.035284282132453625 0.03305151741285446
