3 0.5284201550794758 0.11726268452878826 0.04102679328391083 0.05647725897699045
3 0.5134474634243291 0.3150461995559029 0.056289694735189674 0.09093407220870695
3 0.521421165331095 0.25248711222188536 0.04974702885594055 0.03778180113146821
3 0.5087723763083534 0.40493540135130096 0.03995536660488845 0.07053066861791084
3 0.4958582032575281 0.505030850121637 0.060902783665263985 0.0440954336450254
3 0.4900645602437699 0.562888801917035 0.04318949400955034 0.07367384933607006
3 0.4833086179556509 0.6379433440715128 0.04673115626060227 0.040888620413308985
3 0.46899812521204504 0.8099365187395478 0.048730165879249124 0.05339771077238851
1 0.47695944735189644 0.9036592476623089 0.06464783175849824 0.10660452400410492
1 0.511240155797266 0.5651098320694603 0.05012897477225664 0.04871930113146803
1 0.5420585583448533 0.19454280201523094 0.04598711179556503 0.06431703005422928
