3 0.389998637493814 0.24637919154139992 0.05270227611928178 0.05418288896415202
3 0.35680327792830413 0.11842460990419416 0.06486808344622812 0.07819359905006032
4 0.46511590343633047 0.46067406490171975 0.10645579715018094 0.1878895036180447
3 0.4213105924913396 0.3383962731786057 0.05187676051544958 0.06816350180902227
3 0.4994919826986871 0.6408905093837959 0.05614818068726599 0.09020227611928178
1 0.5557120844622808 0.777063704770383 0.07505531094499104 0.12391553482570909
3 0.609077181137492 0.9774084452730157 0.07251680913596861 0.04518310945396849
1 0.5920767096316231 0.8911605042954133 0.06149077792830404 0.10294793758467122
4 0.7105799689038772 0.7142815010160528 0.051221663274411536 0.05566350180902226
4 0.5099825096109385 0.06801957541716935 0.10269563206674696 0.08640889077317435
