3 0.47697306668853123 0.9453125 0.07255681043863901 0.0921875
3 0.5407071559251913 0.69609375 0.04464464206513998 0.0421875
3 0.6367293713713884 0.33515625 0.039411110495108835 0.0328125
1 0.7524123684582038 0.0390625 0.07642526308359247 0.078125
1 0.7252590632812366 0.1296875 0.07053928413027996 0.084375
1 0.6980525501976441 0.2078125 0.06365224729857691 0.0734375
1 0.6798115134365282 0.29296875 0.0667772472985769 0.0734375
1 0.5900084768871741 0.60078125 0.09239887357870132 0.1109375
1 0.583622698018566 0.68359375 0.07255681043863901 0.0921875
1 0.5447737586689667 0.8140625 0.08733194198043534 0.13125
