3 0.4945584259836583 0.3326586663425853 0.05995039462538863 0.11904266587924912
3 0.5177508152062007 0.596448347830931 0.056718978812138235 0.14387897477225664
3 0.5301121202419937 0.8355654115332619 0.04795165258848364 0.046894847367595104
3 0.5263416491106017 0.9186780118960816 0.03452618942018652 0.05734127404661713
3 0.5239846756307224 0.703479597830931 0.030036110495108837 0.03379464664195542
1 0.5371848127165392 0.4462474511889756 0.08667949459715381 0.14960318511654283
3 0.5078613337632266 0.45353416153326176 0.04370376834526439 0.08105159255827132
1 0.5164950681899725 0.22542651970062985 0.06576077886860805 0.0849404843909034
1 0.5373906680911504 0.3288144145284867 0.05471686305535748 0.10950397477225655
1 0.5065909052193195 0.0378819127992062 0.07255681043863901 0.0757638255984124
3 0.48831061305535756 0.09097959783093099 0.0582367052052021 0.06284722958157996
3 0.492314844568919 0.159729597830931 0.056128173635170954 0.05341766587924912
