3 0.39765625 0.21643650361423727 0.046875 0.048710210772388504
3 0.3796875 0.08841604274365289 0.05625 0.07220225292686626
4 0.44609375 0.43099845248276913 0.084375 0.17861587939029935
3 0.4171875 0.3085103741257421 0.04375 0.06431703005422928
3 0.459375 0.6113899344305924 0.0453125 0.08620112041330899
1 0.49921875 0.7478768802740621 0.0609375 0.11754202400410527
3 0.525 0.9625706393492486 0.065625 0.06913179508134419
1 0.52109375 0.8618121152469473 0.05 0.09716589149054755
4 0.66171875 0.6867752329297818 0.0453125 0.050263620413308986
4 0.5390625 0.040613826117531886 0.09375 0.07554542154477707
