1 0.4509332613725395 0.10909702072722449 0.09863020678164425 0.17292951734563577
1 0.48687937758364325 0.24381746606458793 0.11828773531769166 0.1591033746817266
3 0.4801413800648426 0.283561218730088 0.06257708271265763 0.06944089067472695
1 0.5329111232404171 0.4106691587364513 0.09386562406898662 0.10416133601209036
3 0.5050001389561828 0.3478782573997242 0.04749573821317572 0.04740225867281787
3 0.5469800853987449 0.5115594967377239 0.07591614474715094 0.12113066000954512
3 0.5819437444139195 0.6251861920750874 0.06272263192686936 0.07256589067472685
3 0.6147990938758003 0.7270759560789054 0.06076202564056317 0.09752952800763595
3 0.6326822607488578 0.8092708380808145 0.06490156203449331 0.052289753341817756
1 0.5886774338271683 0.5182913020766783 0.08703773531769166 0.15873974801081764
1 0.610869265092084 0.6427009560789054 0.06977315260503385 0.08982611600890866
