1 0.55703125 0.07956088445498083 0.0859375 0.15912176890996166
1 0.54921875 0.20941790052234505 0.10625 0.16243835779368573
3 0.5296875 0.24727421629324314 0.0578125 0.07055469468185845
1 0.53984375 0.3802764320923761 0.0859375 0.10500528939195171
3 0.5328125 0.3142797057698995 0.04375 0.04786064732681172
3 0.5203125 0.48141399786327427 0.065625 0.12413472099021768
3 0.51796875 0.598738005755782 0.05625 0.07358868942018652
3 0.51796875 0.7042067557557821 0.053125 0.09840667889684288
3 0.50859375 0.7867840373258131 0.0625 0.05364021046687384
1 0.559375 0.49710761632147804 0.075 0.1606182525602488
1 0.54140625 0.6215916768307043 0.0640625 0.09123121572854576
