3 0.5679769413454696 0.9152073914418913 0.07399201190385671 0.0987329065339754
3 0.5993258935336512 0.6621166246926683 0.04401362041330899 0.047350188998963996
3 0.6464174995090207 0.2941992245688338 0.03927157825883114 0.037756865177646405
1 0.7220568071815924 0.01534874834737016 0.0784886143631848 0.03069749669474032
1 0.7069181413923519 0.08194962758815245 0.07082156010845857 0.09077485731976358
1 0.6909709545258726 0.16162001096276396 0.0645079275949012 0.07954625889134018
1 0.6836584242752515 0.24792138399829328 0.06763292759490121 0.07969180810555195
1 0.6346907009116353 0.5620053087292336 0.09286018657189174 0.11991870181924558
1 0.6398645351223948 0.6453807349079159 0.07399201190385671 0.0987329065339754
1 0.6179764204646225 0.7784672167109511 0.08828177088084707 0.13845037799792798
