3 0.49619715665325204 0.3448518742239379 0.0642136917107738 0.11909543364502558
3 0.5007387125082015 0.6097319856602563 0.06060853064607841 0.14563066256778648
3 0.49716667942784615 0.848090503712433 0.05041117688202608 0.04871930113146803
3 0.48644669672805174 0.9302035669441497 0.036730678859192525 0.05801248789975162
3 0.49963115174751727 0.7167950519170351 0.03102450692008212 0.032985216822512695
1 0.5306596813678315 0.46186665740142524 0.09048703163466154 0.15049087939029934
3 0.5011631823564147 0.46672687422393794 0.04706068380210837 0.08150453005422928
1 0.5263383014063251 0.24074563632418636 0.06912668479069169 0.08631929508134392
1 0.539165906653252 0.34460188934924846 0.057581689733607534 0.10968407220870705
1 0.529285593383929 0.046224518444960214 0.07419618676785796 0.09244903688992043
3 0.5067049392393158 0.10410869955590289 0.060422846843970035 0.06439884328594588
3 0.506381287071869 0.17287688027406214 0.05685217787060939 0.053443162567786605
