3 0.39716157110362643 0.4458702386392096 0.026400673916276672 0.034811376623205346
1 0.4913426526245573 0.4528139395327139 0.026337006920082118 0.033248876623205345
1 0.39644003502034064 0.6168548944834082 0.05219385277546902 0.09303297970746058
1 0.3757680962753164 0.7218287666423867 0.055035009885831696 0.04780230032431163
1 0.4137070839552077 0.3846872767886565 0.05123884783255317 0.0695954797074605
3 0.4381817964262281 0.1672270413991531 0.052610346843970035 0.06493525324641088
3 0.41781094661650864 0.2456520503276068 0.03590300790866543 0.03810001785690744
3 0.41320701825160777 0.30116171063603236 0.02321200692008212 0.03319432954530477
3 0.38725071882244894 0.5358230827950109 0.04891234387822054 0.05081820616851011
3 0.3541040019028042 0.774513435879266 0.026273339923887827 0.03168637662320535
4 0.41366339121866974 0.9030690840128269 0.03383117193911023 0.02557274431795733
