1 0.44000176034359145 0.9246817305296176 0.04651974317557439 0.12750805737069443
3 0.40808828846535394 0.7888539865135413 0.05374573821317572 0.048075130508958355
3 0.410500504966908 0.8543516999444094 0.06290241439185813 0.043605836056041625
3 0.3767056635677978 0.5913620438842357 0.05908820967712849 0.06224673328249999
3 0.37658153908452646 0.5437603452710066 0.06446491439185813 0.04364220364722229
3 0.35114500723871034 0.26887010125493027 0.049203787427387444 0.05109102773541672
5 0.4959075053766835 0.05947430461781208 0.0674443651776464 0.040589938829583394
1 0.33887410132390755 0.09668662994027749 0.0677012303552929 0.07961607123840284
1 0.39193686538704336 0.49891997074597183 0.07620293507002263 0.061084276785486225
1 0.40282505376683486 0.7007909420606246 0.07348034946188076 0.1031626740119446
