3 0.5445722927995618 0.9321923060030592 0.05716183664159917 0.054079573863261746
3 0.5952720361845332 0.5123258652558244 0.06294095574818712 0.07759889448011278
1 0.5876458966046687 0.8681531254020942 0.09833480024766902 0.10007391233702023
1 0.5960876352321292 0.7644787004831721 0.09401117328319834 0.10780459172016936
1 0.6193174658778723 0.6431082609537533 0.10516699710451576 0.11268300649282174
1 0.6382407861845332 0.5130758875769588 0.06515842721213971 0.09168866801906325
1 0.6579174696019259 0.23161738189491593 0.07446065260503384 0.09028980925276527
1 0.680603644747151 0.13209466882654688 0.09310364474715094 0.12183981818121903
1 0.6848673056243525 0.03927592329077374 0.07598461124870504 0.05596935633066598
4 0.821061786598818 0.36560837255942513 0.03590326674922295 0.033412517856907444
