3 0.4444419368458233 0.20653336377400952 0.11286707694917482 0.10063632513557322
3 0.391988993206942 0.701641330694718 0.08861112141421187 0.07706246974937905
3 0.41930798367311317 0.3892367794650541 0.07496528366526398 0.04417724687674198
4 0.4724627878416152 0.07541971916020379 0.08923116950744614 0.13955337939029938
4 0.445473668789656 0.31124813485124836 0.10688989546082901 0.10841246369925477
4 0.35705096489915567 0.9413305445903646 0.09282739546082901 0.10833065046753845
4 0.3853446344066018 0.8024043999765589 0.10441965988879928 0.1271442829810958
1 0.41961054011904986 0.5595856409013725 0.07912699400955034 0.0738829275949012
1 0.42065717414713355 0.5072373457218328 0.07293155771188112 0.07540906615858275
1 0.41411201906765766 0.6275362101832134 0.06166667549789597 0.06597043364502539
