3 0.6214161148586731 0.7013423906067849 0.060193206168510115 0.04722043364502539
3 0.5940059553610266 0.5707009237842723 0.05081820616851011 0.04716589149054773
3 0.5670497633959759 0.4588140021412993 0.03508411201270896 0.04082498789975162
1 0.5722242329571667 0.38618047803899835 0.09075345941492116 0.09739315046753819
3 0.5471930052783011 0.3430617371141847 0.04925570616851012 0.04715680113146821
3 0.5228396619332786 0.21634470100983116 0.06008411201270878 0.040970433645025485
1 0.5459129232973643 0.2821106015755652 0.07022277110331832 0.08477497579950324
1 0.6052940572274658 0.5059162611182897 0.0783898271096728 0.1051329275949012
1 0.6266724050367151 0.624021366504484 0.07356595941492117 0.09729315651766246
1 0.6754881858825613 0.8712054387131911 0.10289099512873605 0.16620678298109545
