3 0.7624578491816933 0.07060660068624935 0.06228672359113023 0.12947060087368062
3 0.7665402031727101 0.1651196668906591 0.039846239200226743 0.06806032218833336
3 0.76818952712666 0.3019111520730202 0.058745061340078134 0.16217399810013894
3 0.7846107123280207 0.7049816006862494 0.038958350995791945 0.1320500870059723
3 0.7903200537051659 0.823695233095069 0.0368849303072194 0.07267508700597247
3 0.7785194250345597 0.57533046827743 0.038993067330527965 0.08833645459715278
0 0.5900025951749781 0.8416497185617704 0.06432542794496676 0.2325592332825
0 0.5880233998068164 0.6282411819926385 0.06192462504240907 0.1638092332825
0 0.5943750596107977 0.4294945574676037 0.04597224282842376 0.15407055737069442
0 0.5918799982707195 0.26848432228524255 0.04479168874473984 0.16497168977951393
0 0.5974876136096636 0.09321156535138839 0.054166688744739844 0.16518989532659725
