3 0.6271366132272295 0.4876685580839961 0.05292617694751698 0.07872498400699968
3 0.5982088181779238 0.5755952720798599 0.05308981818121907 0.08809998400699967
3 0.5528571822192274 0.7070719914067238 0.05826824188232518 0.11627952800763594
3 0.6831666505658976 0.3414753580919503 0.07737279788867965 0.13681020401018137
3 0.7267375982129911 0.1974804574315409 0.059721647726523844 0.1100477093411815
3 0.7601074314117439 0.09554578743631345 0.05761367694751698 0.07877952800763602
6 0.5655075921239112 0.4025935767424965 0.18936605762791228 0.28808289735836257
5 0.5321008027566483 0.4576623374044967 0.17803527110331832 0.08642949069063519
5 0.5409070125786064 0.3804367660725421 0.17814436525911964 0.09267949069063519
6 0.6502608729697574 0.15675491275458686 0.1700978603878557 0.2581772213558171
