3 0.5279269805458692 0.8961072194064059 0.04905566534054504 0.05368862133990859
3 0.5364394618873688 0.8360418760741328 0.03490225867281786 0.04571248933799978
1 0.5107678472310957 0.7591702934038604 0.03831816000954511 0.07074885200509051
3 0.536904180577686 0.6618049447405875 0.03846361067790873 0.08324885200509069
0 0.43956884062700186 0.29734190806013355 0.10428970003181667 0.2355567866804539
4 0.514105216621593 0.3380583620703149 0.036355670671545326 0.036355670671545236
4 0.511962008633047 0.2536469994032241 0.03964430267345413 0.05045453333863605
0 0.4081326485519144 0.8501760067234064 0.11726241470399827 0.2763272373488174
0 0.4198990412555945 0.5776197540579064 0.11544537603436211 0.2544340560152719
0 0.44732843865372784 0.10053054272754265 0.0989294906906352 0.17768974267981757
4 0.5079664939926822 0.05982427406904227 0.04885567067154532 0.03650112133990877
