3 0.784540059874324 0.9072701460890965 0.057359061346272 0.09662173328250034
3 0.810431492560505 0.762956448425798 0.057795413351362866 0.1341217332825
3 0.8235411145767314 0.6431524414919437 0.043387468013999356 0.10410692496187508
3 0.8554194652689574 0.45418020725951314 0.05158177601845395 0.13710126291777786
3 0.8890415819541839 0.31671592164031176 0.05001927601845395 0.1370648953265973
3 0.9039773333068194 0.17421929711527703 0.046712462682999244 0.12136716014423614
3 0.909374452657546 0.04600337813732562 0.046239748010818 0.08074216014423614
6 0.7849551606460918 0.13593973318878444 0.16724423337045274 0.2718794663775689
5 0.7948023279758193 0.159577528497916 0.20272610534690863 0.10469141926229186
6 0.7537580626193658 0.3307992182774299 0.1290715240292714 0.21857077488562507
