3 0.5704965905705406 0.024262196810277296 0.04905823821317572 0.04796602773541671
3 0.594396471049668 0.1511877195117009 0.059345074854774894 0.1012728656913195
3 0.6253832595105127 0.2959365218484023 0.053531722497410075 0.1105023953265972
3 0.6885383467712843 0.5940096927262146 0.03833906203449331 0.05239895459715278
3 0.7346300585153275 0.8447721057202425 0.05051373035529281 0.07921602773541672
3 0.7476801761741732 0.9234601501731593 0.04146406203449331 0.052471689779513754
0 0.5456210624442688 0.8335294004574996 0.15143418320799568 0.2688617156150695
0 0.5105203546291672 0.5668692305296176 0.15634000702931344 0.2736583183886111
0 0.46638924917143043 0.2910340823532288 0.1572860769216895 0.2939708183886112
0 0.4307834272121397 0.08069664760770798 0.11672523531769166 0.160358231382639
