6 0.6792442466979531 0.26198015487683624 0.15071126137808885 0.3365283130679506
3 0.7159635440404072 0.330841470840271 0.05098179201145392 0.08670378742738745
3 0.6972868167170432 0.4033692882514478 0.05556020401018138 0.07754711124870503
3 0.7306789300206809 0.1862931042148825 0.041406797342454026 0.06907963978475232
3 0.6150690414544491 0.9203512729499668 0.03333975867281787 0.04684076674922295
3 0.6409582847708134 0.7966248285743193 0.048311325350090153 0.1256207382131759
0 0.43899689011772186 0.8803168544242794 0.1356851507001803 0.23936629115144115
0 0.49785208008431425 0.6439449766312392 0.13922832137172564 0.28914389081820957
0 0.5571703467138616 0.37341846091547354 0.13590332670272573 0.2718108416039978
0 0.5905806413510446 0.15790477687890825 0.11488175469445334 0.20992727171162176
