3 0.7458028831652145 0.5975752065722473 0.06577485731976367 0.07322348428423417
3 0.7398460198495949 0.3525174176971178 0.06250861621110389 0.1369948858558109
4 0.7089706631490038 0.5264793025194715 0.07820208271265763 0.07224318114108108
4 0.7194116652159185 0.7171770771265773 0.06417381596343467 0.038848484284234354
2 0.7303556273742462 0.8182494255550006 0.08223891935425698 0.12544095574818712
4 0.7412803188544096 0.9021706612869771 0.0502568651776464 0.04131851282028158
4 0.7550389119061496 0.9799874462331651 0.042080492142117086 0.033142139784752445
4 0.6801799214211715 0.34350198262709525 0.06330482878371627 0.08714043507002263
5 0.5552783130679506 0.17241888709415593 0.17565927956950453 0.0892552067816443
5 0.667050566996892 0.16203365880577766 0.07983735731976367 0.07387845574818704
5 0.6406036910658786 0.26370316666366056 0.1618151033908221 0.09328773531769156
3 0.7176862677826803 0.16127383353671804 0.049824525640563166 0.09898546360606986
