5 0.425 0.8625 0.215625 0.16171875
5 0.403125 0.92265625 0.13515625 0.0609375
5 0.3875 0.81796875 0.1390625 0.075
3 0.578125 0.45234375 0.03125 0.0578125
3 0.57734375 0.5421875 0.0328125 0.06328125
3 0.55625 0.703125 0.0296875 0.07109375
3 0.54609375 0.77578125 0.02578125 0.04140625
3 0.59296875 0.36953125 0.0328125 0.05390625
3 0.5890625 0.30546875 0.0328125 0.0484375
6 0.56015625 0.13359375 0.08515625 0.215625
3 0.61484375 0.11484375 0.0453125 0.0875
3 0.60859375 0.23671875 0.02265625 0.08125
6 0.4203125 0.42109375 0.096875 0.2171875
