3 0.6429495275201466 0.2681252268796577 0.06648858411256367 0.148819295081344
6 0.5726148225032945 0.13807008821778027 0.1640999031980126 0.27594539734428025
3 0.6126767411212054 0.10033828406125003 0.04735678903121965 0.08308521077238851
3 0.672785976683266 0.5109121696980653 0.05538745764913067 0.12063066256778647
3 0.6974900191323312 0.6959184287732516 0.05359769867214013 0.08155907220870695
3 0.7099758627128647 0.8325599107210749 0.0440954336450254 0.05962953005422946
0 0.539631546456086 0.8390195098607531 0.16884194535249045 0.28534766842151915
0 0.5209189496540988 0.5641376845287882 0.16264648750696828 0.29468630698520054
0 0.48384269311299527 0.2229586935057787 0.19620439695149675 0.42300220452587267
6 0.602355822896078 0.3972632810361879 0.13743740924813697 0.25860336123992667
