3 0.5694045649348082 0.030881994589458096 0.04769320616851012 0.04742044000636334
3 0.5895961083592608 0.1580166592536855 0.05643300649282175 0.10063634667409058
3 0.6163512974816425 0.30304734858373106 0.05034664772652384 0.10993862133990877
3 0.6707929301906326 0.6016933865770495 0.03683752678536116 0.051980670671545326
3 0.7095589699616374 0.8528558972390499 0.048238676947516976 0.0786704400063634
3 0.7203112836786294 0.931653059237777 0.03996252678536116 0.052017033338636054
0 0.5210049845721338 0.8394217479312758 0.1436990016215578 0.26724313868554433
0 0.4936849594116258 0.5724978772676849 0.14846832223840883 0.27198518268618094
0 0.45760754301741563 0.29629900393859376 0.14882287824476315 0.29229768268618095
0 0.42814436525911964 0.08566149594209357 0.11212962743398443 0.15908519334818114
