3 0.7238246368740553 0.07163033355776974 0.06485072625188941 0.07038109905006033
3 0.7318352869728773 0.1762735679539375 0.06712585779368574 0.10944359905006032
3 0.7302133318382623 0.3117573665744565 0.06601838410204515 0.11717421189493056
3 0.7313901530120066 0.4395514959276701 0.05104583148532651 0.10081222749876276
3 0.734092405854604 0.6622453674789677 0.040487763083592296 0.08000840456798422
0 0.525281035047913 0.9106851102428785 0.0935665314288567 0.16223440637700648
0 0.528912811215098 0.7541485051999243 0.07721348933548207 0.1489155348257091
0 0.534107087382283 0.5976937873120999 0.07721348933548207 0.1489155348257091
0 0.5427070846102726 0.4500375373120999 0.07143392619541977 0.12991987336031982
0 0.549972094992442 0.2983931501569702 0.07545356826055957 0.17218926051544958
0 0.5609004316688532 0.12421534373453505 0.07537797355046649 0.14414614767057934
