4 0.5095401419239656 0.208030821043543 0.05080363680346807 0.04231647477225655
4 0.5157284997176512 0.314280821043543 0.04575211575678075 0.03590278366526398
1 0.5393891387284323 0.8008358799365505 0.04462923151356133 0.07016865626060209
3 0.5620747517837898 0.9092212988110244 0.058418715728545935 0.06597222958158007
4 0.5464112254048434 0.9749268666472976 0.052821163111827295 0.05014626670540494
4 0.5295521361681835 0.7256449069783925 0.06457771046687402 0.06462798439090349
0 0.41265930973276743 0.8470883426430895 0.16243689974588627 0.27231648801910036
0 0.41974595471109194 0.5939459844757213 0.15796223137238705 0.22226192431676955
0 0.42112092598365825 0.36321433964786454 0.14389973137238704 0.22177085099579186
0 0.43310717356458384 0.1406498588851582 0.13268921558737148 0.21670140507947586
4 0.5377378205384599 0.5583036395551974 0.055551320961982856 0.09705853847458741
