5 0.4784317008869139 0.8922482914959714 0.23444100405718976 0.1949317989592032
5 0.4638976424449274 0.953929419944674 0.1419341298696164 0.08236984396167771
5 0.4355487256436802 0.8501935883074682 0.14842959172016937 0.09675989258219672
3 0.5804155718313717 0.47454289235505415 0.03856366801906326 0.06290279172311415
3 0.5905639135515411 0.5640557717082677 0.04020798863591431 0.06767217887824373
3 0.5894941116023764 0.7263510538204433 0.03878185633066593 0.07540279172311397
3 0.5884322179330425 0.7996657230877486 0.030451159090609536 0.04530585594746519
3 0.5851928007280535 0.3904954409755731 0.038509120941162676 0.05977779172311397
3 0.5731507224005646 0.32664098088966476 0.03840002678536116 0.05352779172311397
6 0.5241387037328782 0.15703780981333712 0.11171261606989873 0.22908771370395287
3 0.5760460771096728 0.1347810295101838 0.05629663879807012 0.09505355042954129
3 0.5844234131477993 0.2569835781307028 0.03269549756436803 0.08445024310259504
6 0.42000022321134345 0.4513057089542545 0.1227046631477993 0.23278592378986113
