3 0.7101626039545021 0.3517762391695145 0.06735222668681722 0.14996493882958345
6 0.6892244899745467 0.20359265909739638 0.16569991470399828 0.27878222948277787
3 0.7402511879774101 0.1836808558107645 0.04783861067790855 0.08390352773541672
3 0.6534746099220491 0.5895840572737853 0.056087462682999245 0.1215853656913195
3 0.612284893897232 0.7714873674942713 0.054070429344363194 0.08248649810013883
3 0.5763644805458692 0.9034997804882992 0.044440890674726855 0.06039329255305574
0 0.4152638958864143 0.8466107348011114 0.170496502705271 0.28826633225631965
0 0.49335472258913987 0.5827313791777782 0.1643555907065437 0.2974958618915974
0 0.5769239373010924 0.2509923763279866 0.19865896005727013 0.42638458130638907
6 0.6268859326066392 0.45689819063253523 0.13893742003499837 0.2609764804327085
