3 0.634470794441862 0.33527287999868743 0.05882751038216938 0.15359984387822054
3 0.645793244244218 0.5430535465005903 0.051682868317029576 0.1112213428896375
3 0.6619327256871921 0.6863406314815622 0.040503173635170954 0.05309050790866543
3 0.6778215781486189 0.8654697159682424 0.046737763083592475 0.07984400889724838
3 0.6777375491388365 0.9309355484777566 0.039850726251889415 0.06865184091247087
5 0.5308698393778343 0.12217336072131553 0.185784852532014 0.112009204562355
6 0.5735949366481763 0.22679453513188372 0.1550794260542455 0.2806663626613009
3 0.6151916314712091 0.1380795450177155 0.03619510523343692 0.03265067391627663
0 0.4688087261107151 0.2342157628887623 0.08998650512049763 0.15331068380210838
0 0.4662738022637827 0.4048001769192071 0.10541408404557515 0.17732118676785796
0 0.4616604389260764 0.5932260069572632 0.11219470506402782 0.21344968775644108
0 0.4749927097610023 0.8221322569572633 0.1064907366340588 0.2225700197716634
