6 0.6454301623249435 0.1712178457231323 0.15601467535011296 0.3018402969121079
3 0.6954023912324944 0.039151879388396274 0.037320217535011226 0.030942465153609676
3 0.6968685378416721 0.12528035234655427 0.05113016046291676 0.05950397477225655
3 0.6962027961138398 0.30758442085820853 0.05731169396136267 0.12523810217691828
3 0.7005178068672068 0.45015386677452457 0.04964043507002262 0.06101191106992552
3 0.7007296685301966 0.546411307881517 0.0703211162111037 0.13661211179556504
3 0.6972642584815645 0.7552233126908405 0.05821922249741007 0.11123016587924912
3 0.7002158223780847 0.9102654767559912 0.04258991439185813 0.04360615626060209
3 0.7065706761831916 0.9754366089699762 0.03455909057054054 0.03864583774894825
0 0.4942226875557312 0.8639460043459873 0.10895558477957223 0.26275794954451326
0 0.4909137127820095 0.6157713991738442 0.08082627667402047 0.19469743030721923
0 0.5002610574863793 0.19666673510869356 0.10499583085063087 0.27821925843752054
