3 0.605923892005034 0.9085987946346732 0.04872974715020852 0.08132441106992552
3 0.6227165741851037 0.6574182405509892 0.035720600873680654 0.05901290145127884
3 0.632660497531458 0.3645586179556509 0.042843423062014094 0.09673115626060227
6 0.5732894167937499 0.16075900616008582 0.10843466831236129 0.23172620435383648
3 0.6367693821244791 0.22161714980681632 0.039136541603124894 0.07162202885594056
3 0.6470555315351388 0.08201893646730517 0.03223192496187508 0.043278774046617105
0 0.4385194928787146 0.8448934147829409 0.12231663677722242 0.2915377139724832
0 0.461944687976562 0.5439038336574147 0.11177918028020847 0.3083432680561673
0 0.483316420593472 0.26395343882955785 0.09320971181534751 0.24836806733052796
6 0.562147975779965 0.37069700135076233 0.11261302203583341 0.21001489546082902
6 0.5491167264455552 0.5946429328391082 0.12097103590354194 0.2337252139724832
