6 0.7017857346782976 0.18081057809513199 0.12357489714788841 0.2936056440165447
3 0.7642852137974506 0.0471719221037225 0.033076120413308985 0.04569430800445434
3 0.7562414305217675 0.14160317476922255 0.04563066256778647 0.05521475867281791
3 0.7393271621750032 0.3226440894334499 0.044449957649130664 0.1208215773392725
3 0.7307793848512484 0.4647225014321773 0.04407725292686635 0.056759077339272504
3 0.7235259419346448 0.56072534476445 0.05545109016268803 0.13188634667409058
3 0.7020741645126942 0.7674929654280411 0.04749314441741408 0.10679544000636323
3 0.6912599052411161 0.9228253554264502 0.039298849336070064 0.04107953333863605
3 0.6916371551429202 0.9847592710454979 0.03145907825883114 0.030481457909004205
0 0.4908644746211528 0.8525293947326334 0.08116922852997774 0.2556147480108176
0 0.5089549027070335 0.6051004114019515 0.06047493344863373 0.18975339067472702
0 0.5541885720123153 0.18924869207508746 0.07501922247985356 0.2727295226766359
