3 0.6309558993137506 0.730810966710951 0.04182513050895835 0.05345463978475227
3 0.6520119753018061 0.661005734907916 0.03746493882958344 0.06729881596343468
0 0.5051590783596882 0.8704086217971841 0.1149379350298613 0.17704199710451576
0 0.5381501502636812 0.7085421685301966 0.09713218597979179 0.14967897642635145
0 0.5752656777147575 0.5558687787454443 0.10352765634451408 0.1562200748547749
0 0.6082574028291323 0.4276324627820095 0.082887848023889 0.14121150496239884
0 0.660960909478646 0.2390386896226458 0.11519381458888915 0.2550942224974101
0 0.6873746730620139 0.06340083478408153 0.06991506933854161 0.12031680810555187
4 0.7285822077312849 0.12013883230288216 0.03364895459715278 0.03746576674922304
3 0.6776269582999658 0.5182531546764577 0.048438806420763925 0.06937073821317571
