4 0.5967942261996417 0.9068111406067849 0.07110567885919253 0.05821247579950324
4 0.6177645952867332 0.7373617038385015 0.08124468281352507 0.0770170179539809
4 0.6262004722824901 0.5303304538385015 0.06587435079830276 0.0831761143631848
2 0.6231789485564938 0.6428395441975812 0.0561173488211363 0.07374657220870695
3 0.6896899693167405 0.5447656585607659 0.062396523725996286 0.11283634328594587
3 0.702375653118849 0.4635702007152435 0.0483048488211363 0.07370112041330898
5 0.5948496546017237 0.4559117159387499 0.1850063527754692 0.09324198165323558
5 0.5840805923581647 0.35582535752749356 0.23644151878308026 0.09041696350286302
3 0.7173427144110057 0.1729633814334028 0.05621019072219049 0.11436248184962738
3 0.7324358152093084 0.09021905912649994 0.044734179847775654 0.06274543969514967
3 0.7093644352478021 0.31123099589478337 0.057900024714579244 0.11749657220870695
