3 0.6015065840128269 0.4827172405006032 0.04977390340856669 0.07910100180902227
3 0.5936338084452817 0.5753584418800842 0.048375044642268605 0.0883941146538925
3 0.5794740767092262 0.714588038216611 0.05199096834337489 0.1166828889641522
3 0.6230112114468113 0.32588738636216025 0.07109552434972918 0.13797803482570908
3 0.6326879947249943 0.17469337856024414 0.053444374187573376 0.11051477611928182
3 0.6415602086041422 0.069593120758328 0.05437958279171564 0.07465916327441155
6 0.5229782094182165 0.41213474558898594 0.17675696347211095 0.2886950870642728
5 0.5031372678602027 0.47365209972742883 0.17477390340856652 0.0856519742194024
5 0.4943310580382446 0.3957760832190855 0.17644549756436803 0.09198386137453225
6 0.5494078904229232 0.1523436657608024 0.15743421915415362 0.2548999412027157
