3 0.6664422426996947 0.6903545713372431 0.03373980032431163 0.0542708377489479
3 0.6655439902640626 0.6076239168907394 0.03524775324641087 0.05120040145127884
0 0.5750377670494238 0.5592533934770945 0.09299779788867965 0.1391021947351895
3 0.6565429115295368 0.49706836280705546 0.036728432629559826 0.04656746515360979
0 0.5727626063372566 0.8685192660724329 0.09949325973923262 0.1533829495445133
0 0.5701030308491415 0.7077727390305908 0.09456029788867966 0.13915675843752046
0 0.5822889797107559 0.4122147023701019 0.08326824188232518 0.11846231252120454
0 0.5848254188331374 0.26690220237010187 0.09477848620028233 0.15165675843752044
0 0.5820294756502709 0.11396817532825991 0.08704780681713338 0.1560714399258662
5 0.6185942670461285 0.07677571017465024 0.044459112012708954 0.04215278366526396
3 0.6580156826328551 0.4126933628070555 0.037055715096963836 0.06531746515360978
