3 0.6979992984962966 0.587224210097041 0.059767456584775225 0.06786020934118149
3 0.7269666991294349 0.34372874876667725 0.05069398495630519 0.1317954400063634
4 0.6711616653476286 0.5157941054264503 0.07217652837152996 0.06488066000954511
4 0.6531377763929729 0.7054924047580867 0.06189224623907634 0.033521572008272396
2 0.6502053415158099 0.8062736547580867 0.0721598079967011 0.11798747867599957
4 0.6493127797581851 0.8906668360916321 0.0463581744523216 0.03646475867281822
4 0.6509685564803624 0.9680560394254958 0.03988085391920819 0.028579533338636054
4 0.6686911978757937 0.33210944875872306 0.055489133544379496 0.08186816534054504
5 0.5682689637109113 0.15744470874440553 0.17075042069139795 0.07071358402290802
5 0.6817548021907134 0.15173160542645028 0.07378449247815269 0.06646134134309048
5 0.6405411173135505 0.2520674127545869 0.15535274122451134 0.07834427068745357
3 0.7325360521907134 0.1523224987666772 0.04183581050398359 0.09576703333863609
