3 0.6333964920432708 0.32974123619698703 0.04078972668681722 0.1491193384737585
3 0.6201805187380421 0.5364997508074836 0.03873633068109026 0.1069045649348082
3 0.619509451424223 0.680208840499058 0.034956802673454135 0.050600017856907445
3 0.6145508734484038 0.8582111095737815 0.03837270401018138 0.07565456493480838
3 0.6067207394573125 0.9236861051095546 0.03201361600890866 0.06617047077900687
5 0.5543340586807721 0.11356108278842036 0.17609088001272682 0.09680463636243805
6 0.5844584580283169 0.2187531432590016 0.12342150803627092 0.26928756249917624
3 0.6365743940165447 0.1329616935833132 0.03159544533736351 0.03023297077900682
0 0.4790442520289532 0.22159967937985367 0.07356586401972631 0.14656708279171565
0 0.456016926718634 0.3906945527566482 0.08632040268936265 0.16866027110331833
0 0.42929243674408735 0.577689992286067 0.0898635733609078 0.20465231818121907
0 0.416331002108495 0.8063235068965635 0.08059766136218052 0.21386367694751698
