3 0.832340314715017 0.12234309296399944 0.0553825197716634 0.09585101087441492
3 0.8119084565023403 0.2396751730020555 0.05420202174883002 0.10516234387822054
3 0.779934261825817 0.37140533406675086 0.05302152372599611 0.11447367688202617
3 0.7521528186321685 0.49626341262193224 0.03988485376405233 0.09833934091247087
3 0.7049581891649537 0.7134535712151695 0.031244682813525236 0.07770850593149917
0 0.4458365626634885 0.9079225183259698 0.07655186562705048 0.15599001482874755
0 0.484920261788636 0.7553532752460519 0.06048119665368965 0.14441584486680376
0 0.525470960419492 0.6051914491623286 0.06048119665368965 0.14441584486680376
0 0.5665164075674732 0.4620927065767024 0.05659219269935693 0.125538510874415
0 0.607657355209746 0.31665021399107623 0.0551862015966055 0.16759867688202607
0 0.6575021407987404 0.149651056386422 0.060290195665106336 0.1397283448668037
