3 0.6341915481005852 0.7426912495896676 0.029625315518548412 0.052053423701106105
3 0.642828413698276 0.660769093745469 0.031096887305303154 0.0489556972400564
0 0.5594452638565606 0.5983451858726754 0.08189852084968266 0.13105117694751697
3 0.6468603473217976 0.5490639805149442 0.032522994985435004 0.04429547077900686
0 0.5215825848518924 0.9056531254020941 0.08699519780928675 0.14519549756436803
0 0.5371801557807172 0.7456877901747465 0.08346102084968265 0.13107845048646743
0 0.5839859257724699 0.4533872418790299 0.0734949874635877 0.11060230925276535
0 0.6030351056350678 0.3091150904990581 0.08226223370266403 0.14355117694751698
0 0.6176468380840906 0.15616736850223528 0.07306909012915472 0.14963753571381497
5 0.658445334323167 0.12405034374546897 0.041716138558944314 0.038209112012708865
3 0.6579091590794225 0.4648389849791711 0.03150606426490725 0.06301819724005639
