3 0.6438651087682681 0.718854622211469 0.036519302673454136 0.05167381596343468
3 0.659453198758723 0.6477779888368576 0.0304329346753633 0.06544521753501123
0 0.5283593821212217 0.8688439677444084 0.10036472135581712 0.17020980024766885
0 0.5498969327657227 0.7044710986378204 0.08444882001909004 0.1444820541766104
0 0.5754589120782692 0.5500725430134679 0.09075336401972649 0.14946065260503386
0 0.5981686113939972 0.41925703660332714 0.07029541335136287 0.13601458271265782
0 0.6373658293682257 0.22748475951502192 0.0918987880330894 0.24789815260503384
0 0.6501550886775904 0.05430424048948731 0.05913973734881743 0.10860848097897462
4 0.695322685351681 0.10284432444499932 0.03163180800445424 0.034267992142117135
3 0.6749771067393148 0.504008718158693 0.0429329346753633 0.06602741439185814
