4 0.5150088919239655 0.20528717438581462 0.05089464206513981 0.04359688730530316
4 0.5196347497176512 0.311491710279192 0.04575211575678075 0.03564799498543501
1 0.5339203887284323 0.7978012833195878 0.04619173151356133 0.06997753087881228
3 0.5550435017837898 0.9060456923325034 0.060072220990217674 0.06726170783841638
4 0.5385532227740075 0.9710796589464085 0.05291216837349921 0.05145485141192587
4 0.5263816335373477 0.7219291051063425 0.06466871572854593 0.06583560015828453
0 0.4062728018402596 0.842442530416594 0.16730641026922993 0.27472251834239997
0 0.4188736994494201 0.590113152282491 0.16117823663405878 0.2230690901291547
0 0.4241094180911505 0.35862747156196306 0.14711573663405897 0.22265991316955064
0 0.44009292093374786 0.13759355753448269 0.13590522084904322 0.21765416442319183
4 0.5377378205384599 0.5553553705457487 0.057204826223654595 0.09837531551854858
