5 0.40343286766335495 0.8630433380213886 0.23151548138875028 0.17473742134838552
5 0.38180827068267364 0.924871172330344 0.14062930810555194 0.06798745159900647
5 0.3655540320552132 0.8210876421779189 0.14604455417661039 0.08363972267624505
3 0.5548949377606189 0.4450877026791609 0.037140435070022626 0.059574987899751616
3 0.5546166478520321 0.5349087267814617 0.0389940334984459 0.06583407825883114
3 0.5345844760165759 0.6967001996540988 0.03616013192686936 0.0720658975406721
3 0.5241692067861535 0.769397356269957 0.03008991439185813 0.04235112646343318
3 0.5689446292407823 0.36143486534514335 0.03855738585581072 0.05645907825883123
3 0.5648971381321225 0.2974132719610016 0.03826628742738745 0.05020907825883114
6 0.5345119330031081 0.12810473575845227 0.10713621960192583 0.22087610226293627
3 0.58943702750259 0.10591611837020545 0.05414815260503403 0.08935339149054777
3 0.5837606081483331 0.22779111837020544 0.030419554176610398 0.08296703610435348
6 0.3966115568672068 0.42257741930528187 0.1181464942090317 0.2225022347764936
