3 0.6296875 0.31875 0.0390625 0.1484375
3 0.6140625 0.52578125 0.0375 0.10703125
3 0.61171875 0.66953125 0.03359375 0.05
3 0.6046875 0.84765625 0.0375 0.075
3 0.59609375 0.91328125 0.03203125 0.065625
5 0.553125 0.10390625 0.17421875 0.09296875
6 0.58203125 0.20859375 0.1203125 0.2671875
3 0.63515625 0.121875 0.03203125 0.0296875
0 0.4765625 0.21328125 0.07109375 0.1453125
0 0.4515625 0.3828125 0.084375 0.1671875
0 0.42265625 0.5703125 0.08671875 0.20390625
0 0.40703125 0.79921875 0.07890625 0.21328125
