6 0.6434146984757485 0.18851181834201827 0.11123852361132158 0.3241319591631599
3 0.6875283128389331 0.24948403467675426 0.041088608313060604 0.08110615626060227
3 0.6778084000747547 0.32483869874190485 0.04728406615858276 0.0719494110699257
3 0.6851158642649888 0.10344484837908514 0.033185204722264314 0.06520833774894799
3 0.6574388962641258 0.8530009042768677 0.026807939695149587 0.043115082939624474
3 0.6676400771786767 0.7260564583605518 0.031949957649130487 0.12140377404661713
0 0.4792957155459665 0.8560961663425852 0.10763173458010193 0.24121033175849824
0 0.509082167734148 0.6034423922959682 0.10627831283893308 0.2770932680561673
0 0.5363657886384363 0.3235267138028473 0.10305331888905726 0.25979664065150565
0 0.54368234318775 0.10369536344002761 0.09176129488495235 0.19847719473518963
