6 0.7843633867759041 0.7776239036438956 0.1428442173774526 0.3298561695074461
3 0.9713146627148159 0.7154438182572003 0.05737067457036815 0.0819791754978958
1 0.952521946093223 0.6537349919409976 0.028470445337363516 0.030669646641955418
3 0.9621570177036801 0.5517905460246817 0.07568596459263972 0.08230655771188111
1 0.9397572220719059 0.4970856878573137 0.020821577339272323 0.04445932813030105
3 0.9589333887253154 0.3987201097270125 0.07332950668363551 0.1275099303072194
3 0.9503107246976349 0.19503211453633593 0.06359088001272681 0.09593254809323426
3 0.9414891606858629 0.10858618304799021 0.07899770401018139 0.07772818511654282
4 0.9413362613780889 0.2969492786014865 0.04256930800445424 0.03428571996293313
3 0.9513085086728179 0.028811941886814817 0.057286336012090544 0.05762388377362963
