3 0.71328125 0.5828125 0.05625 0.06640625
3 0.73984375 0.3390625 0.0453125 0.13125
4 0.6859375 0.5109375 0.06953125 0.0625
4 0.6703125 0.70078125 0.06015625 0.03125
2 0.66796875 0.8015625 0.0671875 0.11640625
4 0.66796875 0.8859375 0.0453125 0.03515625
4 0.67109375 0.96328125 0.0390625 0.028125
4 0.68125 0.32734375 0.05234375 0.08046875
5 0.57890625 0.15234375 0.1671875 0.06640625
5 0.6921875 0.146875 0.07109375 0.0640625
5 0.65234375 0.246875 0.15234375 0.0734375
3 0.74296875 0.14765625 0.0375 0.09453125
