4 0.6265625 0.8726320007929693 0.06875 0.05985303482570927
4 0.64375 0.7021999920865423 0.078125 0.07909435775648763
4 0.646875 0.4950049677762827 0.0609375 0.08444359905006031
2 0.64609375 0.6083271613538476 0.053125 0.07465916327441154
3 0.7109375 0.5072725944159628 0.05625 0.11544793758467105
3 0.721875 0.4254493843300546 0.04375 0.07573034034363317
5 0.6140625 0.4225058480340075 0.1796875 0.09847952283992142
5 0.6015625 0.32237969527504556 0.23125 0.0980567989592032
3 0.73046875 0.134374004976841 0.05 0.11668288896415206
3 0.74296875 0.051687657735802986 0.0421875 0.0631484531885033
3 0.72578125 0.2729009164422303 0.0515625 0.11988977611928178
