3 0.7547521742752515 0.2621583210509716 0.05682269262201593 0.09974673328249999
6 0.7030800690854491 0.11921624658152752 0.14366013817089804 0.23843249316305504
3 0.7498959817514315 0.09896799002892298 0.060029505853732526 0.11388196846486118
6 0.7036987343837102 0.35085845155993 0.13588399960721648 0.26250261284152787
3 0.7634646198241337 0.4166639830950688 0.03965337334017516 0.10247168977951393
3 0.7726492431643088 0.5180264613435758 0.03963519262201594 0.09934668977951393
3 0.779208836253863 0.7053991747744439 0.05737720452587247 0.1950592332825
0 0.5961923240554187 0.8088911167381593 0.14549534894328672 0.30334581838861113
0 0.5938066256778661 0.5331280505337495 0.1359021803253757 0.26562761284152786
0 0.5985794423274283 0.2790763301690273 0.14053513817089805 0.2563617156150695
0 0.596639171544777 0.0843879581125345 0.12133062021691714 0.168775916225069
