3 0.5075962992123237 0.9155310322555916 0.05063634667409058 0.057016287427387624
3 0.5184434398870506 0.8566290672017798 0.03648294000636341 0.048548815963434674
1 0.4974775065643229 0.7774852227022978 0.04146134134309047 0.07376713978475227
3 0.5282831585773677 0.6827741902373091 0.0431692920114541 0.08633991439185813
0 0.45054270329409274 0.31020352336425155 0.11682606269890758 0.24281254631872756
4 0.5226807852880475 0.35811879259467394 0.03951703333863606 0.0408818651776464
4 0.5244438272995016 0.2737801798982269 0.041243165340545215 0.05501713978475227
0 0.39021844255255067 0.8582138952638797 0.13137945870463463 0.28357220947224065
0 0.4168194945894581 0.5884719185256874 0.12956242003499838 0.26370724317557437
0 0.468449460654046 0.11483751943531015 0.1083408533577261 0.1846361732831983
4 0.5313949033259094 0.07946725371954444 0.05045453333863605 0.041391287427387444
