3 0.519410466646179 0.8941268819223673 0.0628177893919517 0.08661020934118113
3 0.5791473006211671 0.6459433732495492 0.04582771046687402 0.06299089600572713
3 0.639778776661295 0.3555905459102769 0.058949336746998426 0.10061816534054513
6 0.616771729094487 0.14740587591504936 0.14673630503579282 0.24060791335136283
3 0.6691085028425974 0.21393884790741335 0.05124325256024882 0.07554544000636332
3 0.7028982158697201 0.07613885590391352 0.04013915258848364 0.04574885200509069
0 0.3647677402531152 0.8147313779440026 0.17216051024099502 0.301799952020999
0 0.4405614847090947 0.5187370779360484 0.16360455759604164 0.3157533640197263
0 0.5097944160250119 0.24155641259550328 0.1351463576525113 0.25608746268299926
6 0.569557281922967 0.35484620591982186 0.14702473137238706 0.21875109468490822
6 0.5175720347655643 0.577175739258458 0.15941831555913666 0.24387836401972632
