3 0.8135663489272394 0.9112920996295593 0.07073414065150559 0.1035174565847754
3 0.8256993050951744 0.7654029381093612 0.07667660580511537 0.13959134890464336
3 0.8267757101746502 0.6449995098961159 0.05688989546082901 0.10935827962517113
3 0.8404364500078492 0.45536034837591793 0.07048116950744614 0.14097199247815267
3 0.8601636513664609 0.3159485073888334 0.06897323320977691 0.14248902837152996
3 0.8612499801297341 0.17286609712227669 0.06374009618646852 0.1267276360516619
3 0.8528149759533828 0.05609613426929523 0.05687004809323426 0.06409124373179384
6 0.7367956171530426 0.1536039685924622 0.20453376569391465 0.26974551332783514
5 0.7504216075343958 0.1665131455520663 0.21524803248413776 0.12957515439406198
6 0.7263962865756708 0.3394278083259055 0.15952880054030488 0.23253501834240006
