3 0.8265625 0.15908220573451456 0.0703125 0.13444904160312507
3 0.8109375 0.251687279822709 0.04375 0.07133079255305556
3 0.784375 0.38544403077263956 0.06875 0.1656626740119445
3 0.7171875 0.7807552243518756 0.0484375 0.1339398953265972
3 0.6984375 0.8975063132577089 0.0421875 0.07441942496187508
3 0.73828125 0.6531211868328132 0.0453125 0.09167966014423605
0 0.49765625 0.8709580777910073 0.0796875 0.23622974715020853
0 0.540625 0.6633644365484728 0.071875 0.16729790919430557
0 0.5875 0.47148671428388944 0.05625 0.1575592332825
0 0.61875 0.3144015661075005 0.05625 0.16693423328249998
0 0.66015625 0.14427155727378527 0.0640625 0.16867857123840282
