3 0.7951008265567363 0.367833626185395 0.05854115824437507 0.10138543758467104
6 0.7679538322563196 0.20723031885844864 0.14807904977125014 0.26057673111680746
3 0.816354964665139 0.208206320667471 0.061993466564999974 0.11561171189493055
6 0.7312760223201739 0.4417381156699453 0.14041202013597243 0.26641729534115866
3 0.7791517842880212 0.520716286746273 0.04142639342673622 0.10360967887824372
3 0.7729219277147574 0.6218284073930593 0.04135365824437507 0.10048467887824372
3 0.7499059210652437 0.8063328821782887 0.060759581306389164 0.19669793758467122
0 0.5537771098948271 0.8539161739592032 0.15073257750666685 0.29216765208159357
0 0.5935428990294102 0.5921398281307029 0.14048475531833357 0.2695422953411587
0 0.6385417020317016 0.34636366067241975 0.14495404977125012 0.26041295680654797
0 0.6683525693385418 0.1520714280852743 0.12438567021222227 0.18130531094499092
