6 0.7630317599601938 0.8546553589996829 0.1616802352084335 0.2906892820006341
3 0.9626007480600147 0.8620450508797672 0.07479850387997047 0.08666119629109836
1 0.945244740682822 0.7940386793284697 0.03096083992388756 0.03280585594746519
3 0.9627579390107606 0.6969113738105458 0.07448412197847887 0.08534435775648745
1 0.9490342910633828 0.6383209458368132 0.02365767589344294 0.04489642017181659
3 0.9693647539729232 0.5463724632496676 0.06127049205415354 0.13057497060135786
3 0.9784353592012597 0.34398444764583547 0.04312928159748068 0.09809666327441154
3 0.9760624342964 0.25722475406827056 0.04787513140719994 0.08099105042954129
4 0.9730116660447923 0.442343382516973 0.045150673916276675 0.036667840343633
3 0.9912125904181794 0.1643755127746978 0.01757481916364121 0.09168953301668678
