4 0.38786681439792126 0.8541886164205007 0.054670779625171126 0.055599336641598995
2 0.3883321641604944 0.945449317206289 0.048329851411925875 0.05218323821317554
4 0.4107911520197935 0.6830392084387833 0.06004024122451135 0.07925516046291677
4 0.4035803941022347 0.769976282260101 0.05498902837152997 0.066536836641599
5 0.45114937905853997 0.6366885932611369 0.05319920783841638 0.05865156203449331
4 0.4021412292168245 0.5781162679920773 0.06757995658477522 0.0702440334984459
4 0.41974391785491105 0.5094197719210187 0.06386392319868044 0.049785984284234176
4 0.4168211578257813 0.4221744830458892 0.06359113855894431 0.040410984284234355
4 0.4112735029695009 0.31788724338497143 0.05580738229073816 0.09466183664159918
4 0.4249221289920329 0.17057559574233627 0.07668217194503928 0.06130568114108117
4 0.4292579394960164 0.07519032113523043 0.056005959092057724 0.04785961124870499
