4 0.3855002637505684 0.8626302475641131 0.05657725292686626 0.05657725292686635
2 0.38134454975672605 0.9540637686413518 0.05187157220870704 0.05342498184962707
4 0.4181122549699697 0.6936848048439013 0.06453519867214012 0.08162270472226432
4 0.4053355198988885 0.780480822896078 0.05821247579950324 0.06908634328594587
5 0.4608446556338997 0.6528098199692118 0.05503293364502539 0.05969316256778665
4 0.41437365573209545 0.5882342355620606 0.07073065651766228 0.07228406615858277
4 0.4358577702916719 0.5209194705349459 0.06592498184962743 0.051944295081344016
4 0.4376970053627532 0.4341870849963264 0.06587953005422928 0.044131795081343836
4 0.43708340612487895 0.32871833499632647 0.06150110226293624 0.09722952400410509
4 0.4588942527304745 0.18327402478967197 0.08006020472226431 0.06452610831306052
4 0.46771928600615764 0.08868823263519429 0.059665891490547726 0.050345433645025486
