1790792154561 0.00030261302681992337 0
1790792283888 0.0005996174578544061 1
1790792380777 0.0008906224888888888 2
1790792476087 0.0008820026999999999 3
1790792573645 0.0008730035999999999 4
1790792671346 0.0008640045 5
1790792769696 0.0008550054 6
1790792871579 0.0008460062999999999 7
1790792974391 0.0008370072 8
1790793077964 0.0008280081 9
1790793177734 0.000819009 10
1790793280070 0.0008100099 11
1790793383144 0.0008010108 12
1790793482275 0.0007920116999999999 13
1790793581907 0.0007830125999999999 14
1790793685181 0.0007740135 15
1790793784663 0.0007650144 16
1790793883342 0.0007560153 17
1790793985503 0.0007470162 18
1790794089568 0.0007380171 19
1790794190377 0.000729018 20
1790794289151 0.0007200189 21
1790794386404 0.0007110198 22
1790794606511 0.0007020206999999999 23
1790794968291 0.0006930215999999999 24
1790795066523 0.0006840224999999999 25
1790795164814 0.0006750234 26
1790795263876 0.0006660243 27
1790795362555 0.0006570252 28
1790795461287 0.0006480260999999999 29
1790795558757 0.0006390269999999999 30
1790795655211 0.0006300278999999999 31
1790795751876 0.0006210287999999999 32
1790795848828 0.0006120296999999999 33
1790795945096 0.0006030305999999998 34
1790796042915 0.0005940314999999999 35
1790796143178 0.0005850324 36
1790796242630 0.0005760333 37
1790796344384 0.0005670342 38
1790796441369 0.0005580350999999999 39
1790796541987 0.0005490359999999999 40
1790796638700 0.0005400369 41
