1790644254584 0.0002377193396226415 0
1790644368950 0.00046630009669811317 1
1790644452261 0.0006854560537735848 2
1790644537388 0.0006715884 3
1790644622038 0.0006574512 4
1790644708478 0.000643314 5
1790644795371 0.0006291768 6
1790644881895 0.0006150395999999999 7
1790644969125 0.0006009024 8
1790645058840 0.0005867652000000001 9
1790645143360 0.000572628 10
1790645227953 0.0005584908 11
1790645311813 0.0005443536 12
1790645395528 0.0005302164 13
1790645480380 0.0005160792 14
1790645565713 0.000501942 15
1790645653333 0.00048780479999999994 16
1790645737836 0.0004736675999999999 17
