1790724370677 0.00030261302681992337 0
1790724493302 0.0005996174578544061 1
1790724589027 0.0008906224888888888 2
1790724685596 0.0008820026999999999 3
1790724783543 0.0008730035999999999 4
1790724880693 0.0008640045 5
1790724978379 0.0008550054 6
1790725075530 0.0008460062999999999 7
1790725172963 0.0008370072 8
1790725271122 0.0008280081 9
1790725369692 0.000819009 10
1790725467707 0.0008100099 11
1790725565069 0.0008010108 12
1790725664522 0.0007920116999999999 13
1790725784589 0.0007830125999999999 14
1790726023261 0.0007740135 15
1790726120763 0.0007650144 16
1790726219550 0.0007560153 17
1790726319543 0.0007470162 18
1790726419627 0.0007380171 19
1790726519943 0.000729018 20
1790726621883 0.0007200189 21
1790726721720 0.0007110198 22
1790726821170 0.0007020206999999999 23
1790726920778 0.0006930215999999999 24
1790727021145 0.0006840224999999999 25
1790727123493 0.0006750234 26
1790727223721 0.0006660243 27
1790727323701 0.0006570252 28
1790727426424 0.0006480260999999999 29
1790727524957 0.0006390269999999999 30
1790727626573 0.0006300278999999999 31
1790727727930 0.0006210287999999999 32
1790727830269 0.0006120296999999999 33
1790727932867 0.0006030305999999998 34
1790728031877 0.0005940314999999999 35
1790728129547 0.0005850324 36
1790728228306 0.0005760333 37
1790728327752 0.0005670342 38
1790728426880 0.0005580350999999999 39
1790728525630 0.0005490359999999999 40
1790728625206 0.0005400369 41
